0.894658	0.222194	0.222027	0.219324	0.164691	0.164502	0.164340	0.163271	-0.124487	-0.124260	-0.127170	-0.119599	-0.112846	-0.117217	-0.122359	-0.232093	0.166042	-0.237103	-0.256993	-0.250519	-0.302475	-0.305703	-0.309726	0.215629	0.223249	0.214753	0.220803	0.170239	0.229973	-0.109976	-0.109392	-0.122587	-0.120851	-0.117841	-0.103071	-0.104178	0.222097	0.237016	-0.307442	-0.100057	-0.111666	-0.243679	0.181876	-0.238478	-0.239483	
0.222194	0.890878	0.225679	0.218243	0.134959	0.135891	0.136061	0.140569	-0.119389	-0.120386	-0.123139	-0.116392	-0.112246	-0.115540	-0.120725	-0.233298	0.143150	-0.237714	-0.256977	-0.250224	-0.301248	-0.304282	-0.308576	0.283765	0.224130	0.251401	0.237936	0.150220	0.228466	-0.110649	-0.106767	-0.119948	-0.118381	-0.116186	-0.105877	-0.102251	0.220964	0.233413	-0.306508	-0.093498	-0.110907	-0.244355	0.171759	-0.240252	-0.239139	
0.222027	0.225679	0.903862	0.256059	0.132409	0.133547	0.134623	0.138426	-0.119886	-0.120425	-0.125391	-0.118941	-0.109742	-0.112412	-0.118529	-0.231293	0.142006	-0.236078	-0.254619	-0.248100	-0.296358	-0.298449	-0.303020	0.225884	0.224472	0.218971	0.223993	0.148619	0.230808	-0.107960	-0.105284	-0.118256	-0.115491	-0.109326	-0.103269	-0.104531	0.226300	0.237410	-0.300645	-0.095826	-0.105200	-0.241640	0.170447	-0.237098	-0.237812	
0.219324	0.218243	0.256059	0.892309	0.129179	0.128782	0.130672	0.134066	-0.115291	-0.118345	-0.118121	-0.112445	-0.111133	-0.109228	-0.116145	-0.227756	0.136342	-0.231983	-0.250035	-0.243985	-0.291993	-0.294020	-0.297770	0.212552	0.222849	0.212590	0.218495	0.144215	0.223536	-0.102612	-0.101997	-0.114173	-0.113717	-0.107728	-0.098171	-0.097211	0.217637	0.231206	-0.295984	-0.090264	-0.103355	-0.238076	0.167715	-0.231235	-0.232083	
0.164691	0.134959	0.132409	0.129179	1.026856	0.485362	0.435007	0.394982	-0.163314	-0.162594	-0.168242	-0.161226	-0.155586	-0.158943	-0.163352	-0.210608	0.390644	-0.216699	-0.242657	-0.233202	-0.297599	-0.301473	-0.306868	0.133548	0.136706	0.131940	0.141034	0.362006	0.187967	-0.155204	-0.150315	-0.161662	-0.161276	-0.158009	-0.147953	-0.147876	0.126985	0.167058	-0.306802	-0.142140	-0.154501	-0.229214	0.241785	-0.223015	-0.228511	
0.164502	0.135891	0.133547	0.128782	0.485362	1.001364	0.427440	0.390082	-0.161742	-0.161371	-0.166461	-0.160392	-0.153594	-0.157698	-0.160914	-0.208824	0.385523	-0.214410	-0.240601	-0.230819	-0.295474	-0.299534	-0.305315	0.133978	0.137083	0.131954	0.141370	0.358396	0.188170	-0.152812	-0.149090	-0.159348	-0.158953	-0.156155	-0.146492	-0.147055	0.127767	0.168463	-0.305173	-0.140897	-0.153886	-0.226727	0.241116	-0.221827	-0.228256	
0.164340	0.136061	0.134623	0.130672	0.435007	0.427440	0.979741	0.391826	-0.160347	-0.159827	-0.164517	-0.158464	-0.151600	-0.155902	-0.159961	-0.206451	0.386271	-0.212421	-0.238997	-0.228932	-0.293247	-0.297579	-0.303051	0.135514	0.140966	0.134821	0.142950	0.361824	0.190723	-0.151558	-0.147217	-0.157484	-0.158032	-0.153738	-0.144389	-0.144603	0.130033	0.170479	-0.302831	-0.139067	-0.151522	-0.224750	0.242587	-0.221108	-0.225436	
0.163271	0.140569	0.138426	0.134066	0.394982	0.390082	0.391826	0.969303	-0.157720	-0.158205	-0.162646	-0.156797	-0.149484	-0.154115	-0.157855	-0.207038	0.396174	-0.213010	-0.238607	-0.228959	-0.293371	-0.297739	-0.303077	0.138574	0.143795	0.136701	0.146947	0.368068	0.192944	-0.148982	-0.145281	-0.155429	-0.155020	-0.152048	-0.142619	-0.143738	0.132561	0.174142	-0.303033	-0.136876	-0.149359	-0.224410	0.241698	-0.218630	-0.224648	
-0.124487	-0.119389	-0.119886	-0.115291	-0.163314	-0.161742	-0.160347	-0.157720	1.009244	0.069889	0.062390	0.063834	0.055522	0.056463	0.057703	0.009281	-0.157986	0.013079	0.037299	0.025009	0.090867	0.098465	0.109160	-0.122579	-0.118658	-0.125954	-0.128821	-0.155005	-0.134515	0.056254	0.054685	0.054864	0.055150	0.045891	0.041747	0.047436	-0.114529	-0.130801	0.111466	0.049916	0.049192	0.020238	-0.140730	0.020296	0.028608	
-0.124260	-0.120386	-0.120425	-0.118345	-0.162594	-0.161371	-0.159827	-0.158205	0.069889	1.009675	0.065902	0.065822	0.051597	0.060498	0.063786	0.006110	-0.157463	0.010149	0.035105	0.023230	0.092389	0.098221	0.108113	-0.121454	-0.123037	-0.123540	-0.125111	-0.155234	-0.132848	0.060710	0.051127	0.053920	0.055218	0.058427	0.042268	0.039570	-0.116092	-0.131380	0.111753	0.039381	0.052242	0.017409	-0.137635	0.019820	0.030031	
-0.127170	-0.123139	-0.125391	-0.118121	-0.168242	-0.166461	-0.164517	-0.162646	0.062390	0.065902	1.008106	0.065218	0.059760	0.060164	0.056388	0.004898	-0.161945	0.009434	0.036110	0.023514	0.096969	0.103673	0.119981	-0.123951	-0.125367	-0.126670	-0.132533	-0.160788	-0.138821	0.054543	0.058466	0.063684	0.055044	0.062407	0.051987	0.051390	-0.120285	-0.135496	0.122350	0.046511	0.057495	0.015810	-0.143739	0.020179	0.030324	
-0.119599	-0.116392	-0.118941	-0.112445	-0.161226	-0.160392	-0.158464	-0.156797	0.063834	0.065822	0.065218	0.999522	0.058430	0.057062	0.056105	-0.001653	-0.156940	0.001967	0.029057	0.016460	0.087315	0.089842	0.102767	-0.121153	-0.116594	-0.122799	-0.124706	-0.154668	-0.130874	0.052375	0.053214	0.058513	0.058384	0.062031	0.053233	0.049812	-0.112837	-0.128274	0.109264	0.042489	0.057106	0.013223	-0.134256	0.013697	0.023492	
-0.112846	-0.112246	-0.109742	-0.111133	-0.155586	-0.153594	-0.151600	-0.149484	0.055522	0.051597	0.059760	0.058430	1.003621	0.052864	0.056292	-0.005395	-0.149562	-0.000190	0.022916	0.012720	0.075469	0.085839	0.097660	-0.111698	-0.113463	-0.112011	-0.116859	-0.147180	-0.123612	0.045355	0.046550	0.057379	0.058087	0.054319	0.050133	0.051585	-0.106515	-0.120005	0.099736	0.039204	0.044782	0.006099	-0.129698	0.007042	0.017216	
-0.117217	-0.115540	-0.112412	-0.109228	-0.158943	-0.157698	-0.155902	-0.154115	0.056463	0.060498	0.060164	0.057062	0.052864	1.012585	0.055688	-0.000700	-0.152508	0.003399	0.027193	0.016137	0.085213	0.094278	0.104458	-0.116779	-0.115832	-0.116850	-0.120421	-0.150748	-0.127021	0.055508	0.043882	0.056901	0.050444	0.049145	0.043298	0.043604	-0.105767	-0.123809	0.109767	0.038874	0.049830	0.010503	-0.133927	0.012692	0.022762	
-0.122359	-0.120725	-0.118529	-0.116145	-0.163352	-0.160914	-0.159961	-0.157855	0.057703	0.063786	0.056388	0.056105	0.056292	0.055688	1.012719	0.003118	-0.157604	0.008364	0.034875	0.020913	0.093469	0.093223	0.108540	-0.118465	-0.122641	-0.121513	-0.123939	-0.155747	-0.132296	0.055270	0.057310	0.054819	0.064132	0.060695	0.045211	0.045248	-0.116057	-0.127053	0.110430	0.043944	0.051025	0.017185	-0.137368	0.018149	0.026664	
-0.232093	-0.233298	-0.231293	-0.227756	-0.210608	-0.208824	-0.206451	-0.207038	0.009281	0.006110	0.004898	-0.001653	-0.005395	-0.000700	0.003118	1.162352	-0.207643	0.605749	0.460601	0.519071	0.275960	0.263510	0.220487	-0.232388	-0.230739	-0.231798	-0.232874	-0.209028	-0.235685	-0.008643	-0.010759	-0.002147	-0.003236	-0.004337	-0.010193	-0.010408	-0.228765	-0.236464	0.211394	-0.011426	-0.008190	0.450385	-0.210099	0.414871	0.397701	
0.166042	0.143150	0.142006	0.136342	0.390644	0.385523	0.386271	0.396174	-0.157986	-0.157463	-0.161945	-0.156940	-0.149562	-0.152508	-0.157604	-0.207643	0.959373	-0.213189	-0.239554	-0.229857	-0.293820	-0.297874	-0.303329	0.141243	0.145740	0.139602	0.148371	0.367507	0.197742	-0.148730	-0.144764	-0.155312	-0.156091	-0.152055	-0.141784	-0.142623	0.136318	0.177810	-0.303358	-0.136374	-0.148129	-0.225675	0.245121	-0.219650	-0.226412	
-0.237103	-0.237714	-0.236078	-0.231983	-0.216699	-0.214410	-0.212421	-0.213010	0.013079	0.010149	0.009434	0.001967	-0.000190	0.003399	0.008364	0.605749	-0.213189	1.150465	0.458010	0.516233	0.286162	0.267338	0.233125	-0.236161	-0.235193	-0.236347	-0.237294	-0.214691	-0.240601	-0.004454	-0.006150	0.003678	0.000976	-0.000298	-0.005576	-0.006639	-0.232632	-0.241879	0.217846	-0.006778	-0.002785	0.443581	-0.214800	0.407857	0.395003	
-0.256993	-0.256977	-0.254619	-0.250035	-0.242657	-0.240601	-0.238997	-0.238607	0.037299	0.035105	0.036110	0.029057	0.022916	0.027193	0.034875	0.460601	-0.239554	0.458010	1.123302	0.457548	0.334265	0.320453	0.291381	-0.255443	-0.253974	-0.255008	-0.256903	-0.241121	-0.264643	0.021012	0.017335	0.027393	0.029618	0.023297	0.018196	0.017124	-0.249980	-0.264202	0.284169	0.016485	0.022578	0.395808	-0.237996	0.372595	0.369371	
-0.250519	-0.250224	-0.248100	-0.243985	-0.233202	-0.230819	-0.228932	-0.228959	0.025009	0.023230	0.023514	0.016460	0.012720	0.016137	0.020913	0.519071	-0.229857	0.516233	0.457548	1.166336	0.313457	0.298235	0.265370	-0.248872	-0.247815	-0.248549	-0.250510	-0.230983	-0.255666	0.008260	0.005005	0.014543	0.013771	0.011362	0.004608	0.004504	-0.245541	-0.255942	0.253538	0.002903	0.007699	0.431856	-0.229341	0.399034	0.388570	
-0.302475	-0.301248	-0.296358	-0.291993	-0.297599	-0.295474	-0.293247	-0.293371	0.090867	0.092389	0.096969	0.087315	0.075469	0.085213	0.093469	0.275960	-0.293820	0.286162	0.334265	0.313457	1.197810	0.445158	0.438402	-0.298184	-0.297481	-0.298771	-0.301828	-0.295110	-0.316714	0.072238	0.072577	0.086678	0.086106	0.082010	0.070320	0.070774	-0.293576	-0.316800	0.430705	0.062940	0.074859	0.274128	-0.289496	0.268293	0.275340	
-0.305703	-0.304282	-0.298449	-0.294020	-0.301473	-0.299534	-0.297579	-0.297739	0.098465	0.098221	0.103673	0.089842	0.085839	0.094278	0.093223	0.263510	-0.297874	0.267338	0.320453	0.298235	0.445158	1.199192	0.451935	-0.300481	-0.300572	-0.301970	-0.304549	-0.299135	-0.320601	0.079364	0.076764	0.093265	0.091931	0.086392	0.075207	0.073900	-0.297017	-0.321317	0.449944	0.067632	0.080163	0.268128	-0.292656	0.262466	0.264682	
-0.309726	-0.308576	-0.303020	-0.297770	-0.306868	-0.305315	-0.303051	-0.303077	0.109160	0.108113	0.119981	0.102767	0.097660	0.104458	0.108540	0.220487	-0.303329	0.233125	0.291381	0.265370	0.438402	0.451935	1.210873	-0.304087	-0.303790	-0.304964	-0.308991	-0.304891	-0.325838	0.092094	0.085733	0.106366	0.105550	0.098961	0.088670	0.087465	-0.299373	-0.326629	0.474550	0.078425	0.093687	0.236373	-0.298061	0.231236	0.239793	
0.215629	0.283765	0.225884	0.212552	0.133548	0.133978	0.135514	0.138574	-0.122579	-0.121454	-0.123951	-0.121153	-0.111698	-0.116779	-0.118465	-0.232388	0.141243	-0.236161	-0.255443	-0.248872	-0.298184	-0.300481	-0.304087	0.900086	0.230015	0.262332	0.230302	0.149203	0.225012	-0.110500	-0.105898	-0.119823	-0.118705	-0.115945	-0.103537	-0.105764	0.220241	0.228604	-0.303636	-0.094727	-0.110110	-0.242065	0.170503	-0.237094	-0.237815	
0.223249	0.224130	0.224472	0.222849	0.136706	0.137083	0.140966	0.143795	-0.118658	-0.123037	-0.125367	-0.116594	-0.113463	-0.115832	-0.122641	-0.230739	0.145740	-0.235193	-0.253974	-0.247815	-0.297481	-0.300572	-0.303790	0.230015	0.891772	0.231998	0.244290	0.154077	0.229026	-0.107288	-0.105761	-0.117874	-0.111861	-0.112273	-0.103675	-0.101298	0.222156	0.235997	-0.302755	-0.095610	-0.109803	-0.240551	0.176135	-0.237833	-0.237866	
0.214753	0.251401	0.218971	0.212590	0.131940	0.131954	0.134821	0.136701	-0.125954	-0.123540	-0.126670	-0.122799	-0.112011	-0.116850	-0.121513	-0.231798	0.139602	-0.236347	-0.255008	-0.248549	-0.298771	-0.301970	-0.304964	0.262332	0.231998	0.901479	0.317616	0.147709	0.222231	-0.114872	-0.107651	-0.119352	-0.118928	-0.115959	-0.103958	-0.109150	0.213886	0.226312	-0.303066	-0.098187	-0.111913	-0.241316	0.168486	-0.237895	-0.238451	
0.220803	0.237936	0.223993	0.218495	0.141034	0.141370	0.142950	0.146947	-0.128821	-0.125111	-0.132533	-0.124706	-0.116859	-0.120421	-0.123939	-0.232874	0.148371	-0.237294	-0.256903	-0.250510	-0.301828	-0.304549	-0.308991	0.230302	0.244290	0.317616	0.901284	0.156988	0.230754	-0.111526	-0.110755	-0.122430	-0.123141	-0.116608	-0.106136	-0.108989	0.218244	0.233985	-0.306979	-0.101694	-0.115764	-0.244298	0.177333	-0.240457	-0.240102	
0.170239	0.150220	0.148619	0.144215	0.362006	0.358396	0.361824	0.368068	-0.155005	-0.155234	-0.160788	-0.154668	-0.147180	-0.150748	-0.155747	-0.209028	0.367507	-0.214691	-0.241121	-0.230983	-0.295110	-0.299135	-0.304891	0.149203	0.154077	0.147709	0.156988	0.955763	0.208481	-0.146519	-0.142261	-0.152517	-0.153736	-0.149557	-0.139513	-0.140162	0.144377	0.186305	-0.304678	-0.133342	-0.146923	-0.228426	0.250353	-0.221536	-0.226902	
0.229973	0.228466	0.230808	0.223536	0.187967	0.188170	0.190723	0.192944	-0.134515	-0.132848	-0.138821	-0.130874	-0.123612	-0.127021	-0.132296	-0.235685	0.197742	-0.240601	-0.264643	-0.255666	-0.316714	-0.320601	-0.325838	0.225012	0.229026	0.222231	0.230754	0.208481	0.844951	-0.122690	-0.117098	-0.129927	-0.129824	-0.126965	-0.113342	-0.113408	0.229838	0.287298	-0.324114	-0.106927	-0.123160	-0.249552	0.219672	-0.243239	-0.245798	
-0.109976	-0.110649	-0.107960	-0.102612	-0.155204	-0.152812	-0.151558	-0.148982	0.056254	0.060710	0.054543	0.052375	0.045355	0.055508	0.055270	-0.008643	-0.148730	-0.004454	0.021012	0.008260	0.072238	0.079364	0.092094	-0.110500	-0.107288	-0.114872	-0.111526	-0.146519	-0.122690	0.992631	0.043238	0.059246	0.068266	0.053691	0.041193	0.050703	-0.104054	-0.115688	0.097273	0.038682	0.054278	0.003875	-0.126976	0.008128	0.013009	
-0.109392	-0.106767	-0.105284	-0.101997	-0.150315	-0.149090	-0.147217	-0.145281	0.054685	0.051127	0.058466	0.053214	0.046550	0.043882	0.057310	-0.010759	-0.144764	-0.006150	0.017335	0.005005	0.072577	0.076764	0.085733	-0.105898	-0.105761	-0.107651	-0.110755	-0.142261	-0.117098	0.043238	0.991441	0.057765	0.051664	0.052730	0.040645	0.042956	-0.098504	-0.112838	0.090118	0.045285	0.057371	-0.000091	-0.121773	0.003980	0.009670	
-0.122587	-0.119948	-0.118256	-0.114173	-0.161662	-0.159348	-0.157484	-0.155429	0.054864	0.053920	0.063684	0.058513	0.057379	0.056901	0.054819	-0.002147	-0.155312	0.003678	0.027393	0.014543	0.086678	0.093265	0.106366	-0.119823	-0.117874	-0.119352	-0.122430	-0.152517	-0.129927	0.059246	0.057765	1.000704	0.055499	0.060467	0.054005	0.053119	-0.112715	-0.126906	0.110664	0.045653	0.053646	0.013354	-0.133993	0.012460	0.025364	
-0.120851	-0.118381	-0.115491	-0.113717	-0.161276	-0.158953	-0.158032	-0.155020	0.055150	0.055218	0.055044	0.058384	0.058087	0.050444	0.064132	-0.003236	-0.156091	0.000976	0.029618	0.013771	0.086106	0.091931	0.105550	-0.118705	-0.111861	-0.118928	-0.123141	-0.153736	-0.129824	0.068266	0.051664	0.055499	0.997103	0.063135	0.053976	0.057616	-0.111068	-0.126412	0.105888	0.038990	0.052318	0.012820	-0.131544	0.015174	0.026322	
-0.117841	-0.116186	-0.109326	-0.107728	-0.158009	-0.156155	-0.153738	-0.152048	0.045891	0.058427	0.062407	0.062031	0.054319	0.049145	0.060695	-0.004337	-0.152055	-0.000298	0.023297	0.011362	0.082010	0.086392	0.098961	-0.115945	-0.112273	-0.115959	-0.116608	-0.149557	-0.126965	0.053691	0.052730	0.060467	0.063135	0.997690	0.052189	0.038953	-0.105725	-0.123245	0.105699	0.035811	0.055154	0.008602	-0.132029	0.009168	0.020107	
-0.103071	-0.105877	-0.103269	-0.098171	-0.147953	-0.146492	-0.144389	-0.142619	0.041747	0.042268	0.051987	0.053233	0.050133	0.043298	0.045211	-0.010193	-0.141784	-0.005576	0.018196	0.004608	0.070320	0.075207	0.088670	-0.103537	-0.103675	-0.103958	-0.106136	-0.139513	-0.113342	0.041193	0.040645	0.054005	0.053976	0.052189	0.991853	0.045494	-0.096006	-0.109512	0.088427	0.035203	0.053277	0.000899	-0.117386	0.004330	0.017028	
-0.104178	-0.102251	-0.104531	-0.097211	-0.147876	-0.147055	-0.144603	-0.143738	0.047436	0.039570	0.051390	0.049812	0.051585	0.043604	0.045248	-0.010408	-0.142623	-0.006639	0.017124	0.004504	0.070774	0.073900	0.087465	-0.105764	-0.101298	-0.109150	-0.108989	-0.140162	-0.113408	0.050703	0.042956	0.053119	0.057616	0.038953	0.045494	0.991854	-0.095502	-0.108948	0.089788	0.043646	0.054413	0.002319	-0.119546	0.003764	0.014265	
0.222097	0.220964	0.226300	0.217637	0.126985	0.127767	0.130033	0.132561	-0.114529	-0.116092	-0.120285	-0.112837	-0.106515	-0.105767	-0.116057	-0.228765	0.136318	-0.232632	-0.249980	-0.245541	-0.293576	-0.297017	-0.299373	0.220241	0.222156	0.213886	0.218244	0.144377	0.229838	-0.104054	-0.098504	-0.112715	-0.111068	-0.105725	-0.096006	-0.095502	0.876862	0.241433	-0.294693	-0.085504	-0.101320	-0.237360	0.172038	-0.233461	-0.230995	
0.237016	0.233413	0.237410	0.231206	0.167058	0.168463	0.170479	0.174142	-0.130801	-0.131380	-0.135496	-0.128274	-0.120005	-0.123809	-0.127053	-0.236464	0.177810	-0.241879	-0.264202	-0.255942	-0.316800	-0.321317	-0.326629	0.228604	0.235997	0.226312	0.233985	0.186305	0.287298	-0.115688	-0.112838	-0.126906	-0.126412	-0.123245	-0.109512	-0.108948	0.241433	0.847539	-0.322726	-0.101981	-0.115462	-0.247199	0.214588	-0.243405	-0.244202	
-0.307442	-0.306508	-0.300645	-0.295984	-0.306802	-0.305173	-0.302831	-0.303033	0.111466	0.111753	0.122350	0.109264	0.099736	0.109767	0.110430	0.211394	-0.303358	0.217846	0.284169	0.253538	0.430705	0.449944	0.474550	-0.303636	-0.302755	-0.303066	-0.306979	-0.304678	-0.324114	0.097273	0.090118	0.110664	0.105888	0.105699	0.088427	0.089788	-0.294693	-0.322726	1.182548	0.083960	0.098832	0.230236	-0.294214	0.225826	0.237475	
-0.100057	-0.093498	-0.095826	-0.090264	-0.142140	-0.140897	-0.139067	-0.136876	0.049916	0.039381	0.046511	0.042489	0.039204	0.038874	0.043944	-0.011426	-0.136374	-0.006778	0.016485	0.002903	0.062940	0.067632	0.078425	-0.094727	-0.095610	-0.098187	-0.101694	-0.133342	-0.106927	0.038682	0.045285	0.045653	0.038990	0.035811	0.035203	0.043646	-0.085504	-0.101981	0.083960	0.986870	0.044405	0.002021	-0.114360	0.003358	0.013008	
-0.111666	-0.110907	-0.105200	-0.103355	-0.154501	-0.153886	-0.151522	-0.149359	0.049192	0.052242	0.057495	0.057106	0.044782	0.049830	0.051025	-0.008190	-0.148129	-0.002785	0.022578	0.007699	0.074859	0.080163	0.093687	-0.110110	-0.109803	-0.111913	-0.115764	-0.146923	-0.123160	0.054278	0.057371	0.053646	0.052318	0.055154	0.053277	0.054413	-0.101320	-0.115462	0.098832	0.044405	0.985691	0.006601	-0.123254	0.004339	0.016338	
-0.243679	-0.244355	-0.241640	-0.238076	-0.229214	-0.226727	-0.224750	-0.224410	0.020238	0.017409	0.015810	0.013223	0.006099	0.010503	0.017185	0.450385	-0.225675	0.443581	0.395808	0.431856	0.274128	0.268128	0.236373	-0.242065	-0.240551	-0.241316	-0.244298	-0.228426	-0.249552	0.003875	-0.000091	0.013354	0.012820	0.008602	0.000899	0.002319	-0.237360	-0.247199	0.230236	0.002021	0.006601	1.064174	-0.203820	0.399453	0.379455	
0.181876	0.171759	0.170447	0.167715	0.241785	0.241116	0.242587	0.241698	-0.140730	-0.137635	-0.143739	-0.134256	-0.129698	-0.133927	-0.137368	-0.210099	0.245121	-0.214800	-0.237996	-0.229341	-0.289496	-0.292656	-0.298061	0.170503	0.176135	0.168486	0.177333	0.250353	0.219672	-0.126976	-0.121773	-0.133993	-0.131544	-0.132029	-0.117386	-0.119546	0.172038	0.214588	-0.294214	-0.114360	-0.123254	-0.203820	0.819342	-0.192088	-0.195828	
-0.238478	-0.240252	-0.237098	-0.231235	-0.223015	-0.221827	-0.221108	-0.218630	0.020296	0.019820	0.020179	0.013697	0.007042	0.012692	0.018149	0.414871	-0.219650	0.407857	0.372595	0.399034	0.268293	0.262466	0.231236	-0.237094	-0.237833	-0.237895	-0.240457	-0.221536	-0.243239	0.008128	0.003980	0.012460	0.015174	0.009168	0.004330	0.003764	-0.233461	-0.243405	0.225826	0.003358	0.004339	0.399453	-0.192088	1.046006	0.356153	
-0.239483	-0.239139	-0.237812	-0.232083	-0.228511	-0.228256	-0.225436	-0.224648	0.028608	0.030031	0.030324	0.023492	0.017216	0.022762	0.026664	0.397701	-0.226412	0.395003	0.369371	0.388570	0.275340	0.264682	0.239793	-0.237815	-0.237866	-0.238451	-0.240102	-0.226902	-0.245798	0.013009	0.009670	0.025364	0.026322	0.020107	0.017028	0.014265	-0.230995	-0.244202	0.237475	0.013008	0.016338	0.379455	-0.195828	0.356153	0.980990	
