0.987861	-0.198212	0.150702	0.367472	-0.320627	-0.462500	-0.318449	-0.080803	-0.400397	-0.531546	0.274198	0.218539	-0.041826	0.047227	-0.144226	-0.125334	-0.173294	-0.072830	-0.131778	0.021215	-0.233276	-0.230557	-0.161631	0.426329	0.013237	0.053959	0.099284	-0.002091	0.352137	-0.009409	-0.084362	-0.202635	-0.094456	-0.138314	-0.081930	-0.054282	0.165878	0.175883	-0.212331	-0.084494	-0.095395	-0.399228	0.020553	-0.021466	-0.021360	-0.460526	-nan	-0.128669	0.100274	-0.021460	-0.110913	-0.132652	0.073596	0.203384	-0.303432	-nan	0.060720	-0.010413	-0.607620	0.130420	-0.461538	-0.077253	-0.186984	0.101826	-0.008332	-0.067870	0.049949	-0.303835	-0.217304	-0.178141	-0.198107	-0.105289	0.035409	0.023157	-0.057697	0.252419	-0.287746	0.043634	-0.453373	-0.106127	-0.002475	0.199676	0.146647	-0.347733	0.036135	0.107653	-0.164032	-0.147673	-0.001651	0.279167	
-0.198212	0.658663	-0.322581	0.091705	-0.195341	0.375585	0.064103	-0.412860	-0.408333	-0.441860	0.050402	0.138726	0.041550	0.062721	-0.062985	-0.020737	-0.164886	-0.105588	-0.103042	0.055802	-0.169527	-0.155416	-0.185242	0.206172	0.057167	0.142902	0.172295	0.072443	0.096543	-0.008162	-0.120291	-0.094293	-0.147475	-0.105054	-0.111751	-0.148062	0.063584	0.207193	-0.186431	-0.176312	-0.055494	-0.309465	0.035335	0.034716	-0.112967	-0.263886	0.051282	-0.171851	0.127354	0.100452	0.152922	-0.012201	-0.010719	0.200829	-0.054301	0.045455	0.015191	0.024880	-0.130492	0.104945	0.048387	-0.147643	0.000411	0.185407	0.166973	0.032799	0.234161	-0.424454	-0.112801	-0.107626	-0.151868	-0.064822	0.081518	0.045968	0.184242	0.208473	-0.111263	0.179535	-0.083541	-0.198839	-0.017582	0.121558	0.054041	0.027012	0.038553	0.044687	-0.114964	-0.086202	0.104309	0.177807	
0.150702	-0.322581	1.012530	0.403595	-0.354809	-0.005913	-0.454234	-0.578431	0.073780	0.086957	0.110991	0.112117	0.324316	0.183355	-0.237677	-0.064307	-0.022742	-0.171264	-0.129512	0.305355	-0.252392	-0.205442	-0.298640	0.103337	0.100015	0.079054	0.130300	0.248155	0.108779	-0.085028	-0.172273	-0.192416	-0.217973	-0.190372	-0.180400	-0.149219	0.214051	0.081889	-0.285581	-0.207253	-0.169231	-0.015742	0.139859	0.157351	-0.633605	0.188276	-nan	-0.243952	0.181712	0.132550	0.151096	-0.226290	0.088321	-nan	-0.335409	-nan	0.169294	0.246423	-0.281168	-0.122417	-0.460526	-0.170284	-0.247614	0.087507	0.172883	0.220232	0.053330	-0.241679	-0.228873	-0.245361	-0.341138	-0.052374	0.259806	0.259790	-0.093737	0.314068	-0.173068	0.114259	0.169903	-0.221248	0.161723	0.188325	0.128021	-0.034335	0.371978	0.066328	-0.206298	-0.181090	0.321924	-0.241446	
0.367472	0.091705	0.403595	1.222806	-0.072424	0.099278	-0.550991	0.047850	-0.193764	-0.113892	0.042749	0.101248	0.444882	0.486192	-0.208422	-0.252480	-0.162323	-0.190452	-0.200714	0.454317	-0.236229	-0.299115	-0.313016	0.089390	0.093227	0.078891	0.097548	0.343916	0.149925	-0.196418	-0.182684	-0.119723	-0.178020	-0.226559	-0.123254	-0.132668	0.107812	0.112209	-0.280137	-0.182627	-0.207117	-0.412132	0.083845	0.018082	-0.210192	-0.324126	0.051282	-0.224600	0.169643	0.195963	0.058979	-0.297164	0.183949	0.203831	-0.087594	0.156109	0.093284	0.169025	-0.156520	0.167270	0.137267	-0.282406	-0.282150	-0.050776	0.122919	0.109078	0.163979	-0.060590	-0.177977	-0.242484	-0.106714	0.117941	0.144576	0.081592	1.760536	-nan	-0.158332	0.159803	0.619748	-0.274105	0.169530	0.186528	0.048734	0.561642	0.206707	0.070418	-0.281787	-0.227243	0.158073	-1.000000	
-0.320627	-0.195341	-0.354809	-0.072424	0.847146	0.295268	0.320025	-0.047295	-0.160924	0.550234	-0.114066	-0.061424	-0.125915	-0.187580	0.076196	0.022830	0.138392	-0.028615	0.188123	-0.166232	0.072818	0.100949	0.196539	-0.063828	-0.124068	-0.122935	-0.077398	-0.172018	-0.119981	-0.004416	0.100957	0.122615	0.070875	0.193037	-0.017530	0.041692	-0.151411	-0.181393	0.153788	0.019479	-0.046884	0.320778	-0.035926	-0.255606	-0.015048	-0.184149	0.138889	0.038375	-0.101580	-0.170058	-0.243527	-0.118514	-0.081811	-0.301747	-0.030285	-nan	-0.126994	-0.246941	-0.208644	0.019910	-0.000527	-0.092592	0.004998	-0.094070	-0.090612	-0.061423	-0.092643	0.246823	0.058300	-0.018888	0.265778	0.034711	-0.144276	-0.111281	-0.215750	-nan	0.219268	-0.069451	0.121951	0.104138	0.066392	-0.124014	-0.067602	0.256916	-0.035397	0.084321	0.078992	-0.087711	-0.117830	0.464286	
-0.462500	0.375585	-0.005913	0.099278	0.295268	1.156608	-0.213370	1.473193	0.062847	-0.577979	-0.148105	-0.143831	-0.097345	-0.175439	0.095112	0.139734	0.111037	0.114287	0.094003	-0.185691	0.042924	0.078857	0.104086	-0.098629	-0.187352	-0.100053	-0.099076	-0.220848	-0.120283	0.082257	0.017529	0.139067	0.008344	-0.022407	0.018653	0.055578	-0.122144	-0.102083	0.346611	0.113868	0.138847	0.288817	-0.231027	-0.226214	0.000893	-0.332164	0.045455	-0.015039	-0.175613	-0.156356	0.110792	0.154386	0.052856	0.263880	-0.030644	-nan	-0.166509	-0.203941	0.189245	0.312852	0.047727	-0.081579	-0.049278	-0.124264	-0.173542	-0.174792	-0.107331	-0.114765	-0.113089	0.019103	0.133436	0.104052	-0.186112	-0.155150	0.098640	-0.432692	0.301142	-0.103995	0.085219	-0.024066	-0.288064	-0.155184	-0.101959	0.631820	-0.121884	-0.228883	-0.053959	-0.005051	-0.150955	-0.437500	
-0.318449	0.064103	-0.454234	-0.550991	0.320025	-0.213370	1.214561	0.709970	0.292859	0.543891	-0.277836	-0.283143	-0.297180	-0.302257	0.063142	0.118233	0.066414	0.131527	0.153489	-0.258637	0.262624	0.212918	0.403826	-0.297111	-0.299933	-0.297519	-0.321949	-0.295440	-0.324746	0.177719	0.165855	0.031602	0.046225	0.114232	0.099351	0.251647	-0.230096	-0.325603	0.381418	0.050641	-0.002712	0.174820	-0.550504	-0.337256	0.267010	-0.123955	-1.000000	0.345031	-0.287694	-0.238737	-0.019328	0.260388	-0.066090	-0.439024	0.426491	0.312500	-0.186344	-0.402836	0.520087	-0.201774	-1.000000	0.308616	0.292567	-0.180402	-0.332382	-0.198308	-0.322991	0.232541	0.416019	0.344394	0.055899	-0.737551	-0.273090	-0.053987	-0.273214	-1.000000	0.222727	-0.236389	-0.456522	0.141700	-0.211495	-0.269162	-0.079403	-0.280206	-0.171580	-0.260972	0.371810	0.182666	-0.225835	-1.000000	
-0.080803	-0.412860	-0.578431	0.047850	-0.047295	1.473193	0.709970	1.315467	-0.105179	0.077346	-0.230021	-0.246269	-0.235308	-0.309734	0.151250	0.064707	0.127689	0.134253	0.178060	-0.221216	0.373422	0.327264	0.449642	-0.269727	-0.285775	-0.307693	-0.270375	-0.263898	-0.282876	0.123842	0.034216	0.269124	0.037417	0.018833	0.142511	0.157275	-0.212993	-0.269375	0.333386	0.077525	0.070121	-0.002120	-0.549099	-0.343478	-0.022005	-0.485519	-nan	0.192739	-0.231576	-0.285842	-0.318020	0.061519	-0.279373	0.056891	0.292492	-1.000000	-0.072267	-0.043759	0.016599	-1.000000	-0.467763	0.077484	0.107652	-0.157622	-0.269535	-0.286936	-0.299046	-0.187153	0.154834	0.191735	0.066743	-0.344618	-0.250495	-0.244323	-0.360143	-0.237037	0.329646	-0.307362	0.208034	0.088429	-0.391776	-0.320510	-0.286667	-0.439973	-0.197513	-0.284469	0.297670	0.082326	-0.262850	0.166447	
-0.400397	-0.408333	0.073780	-0.193764	-0.160924	0.062847	0.292859	-0.105179	1.215294	0.189138	-0.179413	-0.216355	-0.107353	-0.163003	0.210592	-0.007215	-0.010639	0.018941	0.004334	-0.234058	0.281209	0.390253	0.239780	-0.233001	-0.201000	-0.222254	-0.217797	-0.206623	-0.256887	-0.047256	-0.059092	0.075773	-0.044384	0.051399	-0.052533	0.016320	-0.247849	-0.258887	0.126173	-0.030241	-0.047532	1.064153	-0.345632	-0.186669	-0.063145	-0.550601	-nan	0.336280	-0.221682	-0.180205	0.025958	0.767313	-0.202349	0.058613	0.361336	0.178762	-0.165135	-0.094397	0.123348	-0.477778	-0.329105	0.368813	0.293601	-0.170506	-0.150989	-0.234686	-0.312629	0.034564	0.369786	0.429471	0.443332	-0.326079	-0.196693	-0.167315	-0.032753	-0.563333	1.020896	-0.160010	-0.447368	0.355980	0.018200	-0.184675	-0.231348	-0.102822	-0.199988	-0.157949	0.273525	0.143197	-0.179431	-0.125000	
-0.531546	-0.441860	0.086957	-0.113892	0.550234	-0.577979	0.543891	0.077346	0.189138	1.100502	-0.271253	-0.203163	-0.173218	-0.208960	0.044831	0.033615	0.035710	-0.027482	-0.008106	-0.241665	0.366329	0.465534	0.398198	-0.267791	-0.245351	-0.211699	-0.238364	-0.220391	-0.259783	0.020663	0.040591	-0.071509	0.010250	0.090091	0.032128	0.054202	-0.237836	-0.240287	0.245850	0.056987	-0.047483	0.430409	-0.014371	-0.240735	0.536224	-0.783673	-nan	0.516963	-0.214794	-0.226129	-0.315352	0.447576	-0.188915	-0.269516	0.170640	0.406250	-0.408759	-0.158031	0.361976	-0.230499	0.097985	0.190359	0.208608	-0.087265	-0.120953	-0.197652	-0.123150	0.045751	0.171753	0.275025	0.447428	-0.357826	-0.162975	-0.209220	-0.182346	-0.259096	0.144279	-0.204610	0.078056	-0.006453	-0.116152	-0.190770	-0.245295	-0.170249	-0.103053	-0.172763	0.385336	0.628917	-0.135128	0.341880	
0.274198	0.050402	0.110991	0.042749	-0.114066	-0.148105	-0.277836	-0.230021	-0.179413	-0.271253	0.942980	0.182962	0.109376	0.109798	-0.127797	-0.114077	-0.107980	-0.094648	-0.100665	0.100645	-0.233048	-0.233988	-0.269218	0.165725	0.192942	0.163538	0.180824	0.107521	0.183452	-0.102514	-0.099588	-0.122675	-0.114563	-0.118065	-0.085564	-0.117774	0.184040	0.177312	-0.270083	-0.101127	-0.105935	-0.265206	0.109533	0.134477	-0.260145	0.055885	-0.050791	-0.217903	0.120908	0.120080	0.113168	-0.206573	0.085828	0.067919	-0.227618	0.049067	0.118621	0.105860	-0.227878	0.018118	0.087853	-0.214780	-0.225069	0.111586	0.106800	0.118240	0.093228	-0.256502	-0.220115	-0.222184	-0.191954	0.171148	0.092907	0.087889	0.012787	0.135616	-0.226571	0.105007	0.012615	-0.204996	0.131484	0.122116	0.103893	0.074381	0.086982	0.164189	-0.222093	-0.211163	0.124840	-0.214958	
0.218539	0.138726	0.112117	0.101248	-0.061424	-0.143831	-0.283143	-0.246269	-0.216355	-0.203163	0.182962	0.967884	0.077566	0.075721	-0.111762	-0.106599	-0.111579	-0.097772	-0.112859	0.089026	-0.229790	-0.228704	-0.255617	0.186274	0.183121	0.172597	0.198953	0.090579	0.182664	-0.103546	-0.093409	-0.092588	-0.109125	-0.111158	-0.090513	-0.103494	0.180347	0.174597	-0.257422	-0.101781	-0.094021	-0.270629	0.126263	0.078182	-0.255477	0.088494	-0.032296	-0.220552	0.119277	0.083288	0.080953	-0.189580	0.063365	0.053040	-0.217521	0.037196	0.132167	0.100700	-0.251738	0.059692	0.052341	-0.210375	-0.219216	0.092296	0.091012	0.096025	0.085018	-0.184625	-0.227120	-0.217843	-0.210136	0.140995	0.091640	0.082842	0.038510	0.089056	-0.237833	0.091504	0.016684	-0.218910	0.053240	0.105361	0.115025	0.036874	0.085793	0.173649	-0.217668	-0.213873	0.116125	-0.243018	
-0.041826	0.041550	0.324316	0.444882	-0.125915	-0.097345	-0.297180	-0.235308	-0.107353	-0.173218	0.109376	0.077566	1.018507	0.351167	-0.171361	-0.162997	-0.154415	-0.148425	-0.149239	0.365434	-0.225274	-0.218261	-0.264083	0.081626	0.088724	0.077286	0.097723	0.333346	0.132414	-0.148365	-0.148073	-0.147364	-0.154723	-0.157745	-0.140526	-0.145759	0.082518	0.102977	-0.269153	-0.143603	-0.143569	-0.221661	0.167758	0.158689	-0.233028	0.029348	0.146678	-0.201846	0.178960	0.176994	0.144824	-0.197424	0.127253	0.099051	-0.214918	0.039856	0.126343	0.139426	-0.201894	0.168410	0.130287	-0.191149	-0.204856	0.168401	0.171159	0.173084	0.113652	-0.173868	-0.206470	-0.207340	-0.200520	0.080682	0.172749	0.172461	0.126923	0.148142	-0.217786	0.171495	0.058404	-0.184377	0.134219	0.180696	0.173353	0.130387	0.163151	0.091624	-0.207731	-0.207907	0.180052	-0.171378	
0.047227	0.062721	0.183355	0.486192	-0.187580	-0.175439	-0.302257	-0.309734	-0.163003	-0.208960	0.109798	0.075721	0.351167	0.976073	-0.166006	-0.155188	-0.141698	-0.154741	-0.147011	0.370141	-0.221337	-0.214635	-0.265157	0.081278	0.084877	0.079262	0.088994	0.327394	0.132422	-0.147232	-0.134802	-0.155120	-0.146813	-0.161092	-0.136579	-0.138521	0.076882	0.114630	-0.266665	-0.141530	-0.138912	-0.259138	0.188464	0.162990	-0.189115	0.070800	0.059327	-0.208293	0.175996	0.187810	0.180378	-0.187233	0.180153	0.133346	-0.221451	-0.011626	0.143179	0.175023	-0.191672	0.113239	0.182877	-0.196762	-0.202523	0.164071	0.169106	0.183980	0.123525	-0.174088	-0.213834	-0.202235	-0.188052	0.096067	0.171848	0.158756	0.105974	0.248091	-0.193035	0.161165	0.102415	-0.182613	0.129460	0.169020	0.162160	0.102617	0.153831	0.093794	-0.192371	-0.202511	0.163480	-0.177128	
-0.144226	-0.062985	-0.237677	-0.208422	0.076196	0.095112	0.063142	0.151250	0.210592	0.044831	-0.127797	-0.111762	-0.171361	-0.166006	1.119986	0.115552	0.096419	0.088734	0.079539	-0.167717	0.059774	0.044318	0.143839	-0.115806	-0.115081	-0.123831	-0.127843	-0.166598	-0.132396	0.094049	0.086038	0.098995	0.084735	0.076439	0.072739	0.083258	-0.117691	-0.145233	0.171807	0.093070	0.083229	0.058574	-0.187560	-0.142350	0.032559	-0.093815	-0.175720	0.042496	-0.155398	-0.163966	-0.155734	0.034051	-0.150721	-0.195487	0.029838	-0.209575	-0.151087	-0.144324	0.034474	-0.054607	-0.156625	0.033031	0.015219	-0.154674	-0.148125	-0.166701	-0.138847	-0.001365	0.027337	0.050515	0.014169	-0.126043	-0.157919	-0.149006	-0.129902	-0.164740	0.057780	-0.141628	-0.091710	0.041997	-0.157783	-0.156946	-0.146810	-0.124360	-0.154521	-0.141725	0.048865	0.025559	-0.153472	-0.010851	
-0.125334	-0.020737	-0.064307	-0.252480	0.022830	0.139734	0.118233	0.064707	-0.007215	0.033615	-0.114077	-0.106599	-0.162997	-0.155188	0.115552	1.116213	0.076302	0.106899	0.086179	-0.153371	0.052498	0.030647	0.144775	-0.122893	-0.125251	-0.124062	-0.124257	-0.163432	-0.135435	0.097582	0.086086	0.087940	0.080167	0.099750	0.059797	0.059430	-0.106744	-0.136045	0.148836	0.068730	0.095555	0.002143	-0.179215	-0.161577	0.040278	-0.118793	-0.239017	0.033824	-0.144625	-0.144628	-0.132447	0.017758	-0.130887	-0.105884	0.038904	-0.058469	-0.152741	-0.107890	0.028855	-0.052663	-0.169720	0.023671	0.025179	-0.136355	-0.140192	-0.144597	-0.107199	-0.045154	0.025666	0.030654	0.016674	-0.132564	-0.151903	-0.132420	-0.049003	-0.150269	0.031319	-0.133884	-0.110721	0.006133	-0.168259	-0.154629	-0.141440	-0.115828	-0.128071	-0.143481	0.023364	0.020977	-0.152457	0.088790	
-0.173294	-0.164886	-0.022742	-0.162323	0.138392	0.111037	0.066414	0.127689	-0.010639	0.035710	-0.107980	-0.111579	-0.154415	-0.141698	0.096419	0.076302	1.099004	0.088436	0.095265	-0.153907	0.044652	0.043133	0.114837	-0.103148	-0.097450	-0.116002	-0.120272	-0.154669	-0.124584	0.075273	0.086717	0.086634	0.094571	0.090728	0.082397	0.091287	-0.111079	-0.131813	0.130650	0.073371	0.077987	0.009266	-0.131267	-0.124198	-0.005687	-0.152851	-0.099801	0.005324	-0.138032	-0.134609	-0.122406	0.027450	-0.120960	-0.136706	0.025176	-0.171277	-0.140921	-0.093217	-0.011878	-0.049156	-0.087735	0.012406	0.006763	-0.142141	-0.141181	-0.151194	-0.155532	0.018616	0.026278	0.025697	-0.008127	-0.117495	-0.139639	-0.133944	-0.131808	-0.138810	-0.007455	-0.134262	-0.102933	0.000323	-0.091713	-0.144319	-0.150818	-0.166855	-0.153200	-0.131115	0.016646	-0.026343	-0.144932	0.046663	
-0.072830	-0.105588	-0.171264	-0.190452	-0.028615	0.114287	0.131527	0.134253	0.018941	-0.027482	-0.094648	-0.097772	-0.148425	-0.154741	0.088734	0.106899	0.088436	1.125657	0.089127	-0.153409	0.035969	0.025287	0.119216	-0.108323	-0.104538	-0.112992	-0.116160	-0.151879	-0.131017	0.078884	0.080115	0.101210	0.105164	0.077043	0.065065	0.050829	-0.097153	-0.128328	0.160799	0.074431	0.073236	-0.019314	-0.120427	-0.157985	0.012141	-0.135626	-0.193097	0.015814	-0.147959	-0.146789	-0.145419	-0.016822	-0.162934	-0.136130	-0.014209	-0.084727	-0.132104	-0.121611	0.006883	-0.042363	-0.141126	0.006710	-0.002642	-0.133077	-0.133383	-0.131659	-0.112817	-0.018319	-0.010618	0.028939	-0.019043	-0.124646	-0.140137	-0.147188	-0.109286	-0.121765	0.023106	-0.141431	-0.059272	-0.008685	-0.131457	-0.148197	-0.140194	-0.140064	-0.137429	-0.121598	0.031402	0.032144	-0.143081	0.034829	
-0.131778	-0.103042	-0.129512	-0.200714	0.188123	0.094003	0.153489	0.178060	0.004334	-0.008106	-0.100665	-0.112859	-0.149239	-0.147011	0.079539	0.086179	0.095265	0.089127	1.121593	-0.147856	0.042490	0.029876	0.114904	-0.107001	-0.108352	-0.110874	-0.113304	-0.148081	-0.125529	0.066101	0.077591	0.084608	0.074417	0.103192	0.058220	0.064775	-0.098435	-0.119303	0.142374	0.067604	0.074926	0.029913	-0.137518	-0.133070	0.052186	-0.096399	-0.211906	0.019457	-0.144245	-0.149558	-0.143309	0.030362	-0.094672	-0.153661	0.003168	-0.081775	-0.126905	-0.129290	0.021184	-0.111629	-0.125153	0.022210	0.014646	-0.149474	-0.139998	-0.138280	-0.117678	-0.012203	0.009885	0.038456	0.056927	-0.165328	-0.145250	-0.141477	-0.130523	-0.128605	0.016364	-0.140014	-0.086754	0.007529	-0.128709	-0.143814	-0.145674	-0.121414	-0.132076	-0.110978	0.007632	0.029739	-0.144409	-0.003735	
0.021215	0.055802	0.305355	0.454317	-0.166232	-0.185691	-0.258637	-0.221216	-0.234058	-0.241665	0.100645	0.089026	0.365434	0.370141	-0.167717	-0.153371	-0.153907	-0.153409	-0.147856	0.978052	-0.224112	-0.219119	-0.266901	0.089597	0.094977	0.095421	0.096579	0.329534	0.132471	-0.145898	-0.145728	-0.153594	-0.156873	-0.156784	-0.135022	-0.146998	0.087936	0.106991	-0.268390	-0.147934	-0.139455	-0.216645	0.197767	0.155950	-0.207439	0.078816	0.074879	-0.206002	0.186600	0.181991	0.160721	-0.185573	0.133714	0.079819	-0.214517	-0.010030	0.118225	0.170767	-0.223539	0.110627	0.120637	-0.189090	-0.209505	0.180918	0.174295	0.182898	0.140607	-0.175761	-0.219316	-0.209289	-0.192001	0.078814	0.153320	0.153752	0.070700	0.223961	-0.185496	0.160223	0.141099	-0.199421	0.119386	0.173469	0.142549	0.141779	0.141733	0.094893	-0.199268	-0.211419	0.179236	-0.190403	
-0.233276	-0.169527	-0.252392	-0.236229	0.072818	0.042924	0.262624	0.373422	0.281209	0.366329	-0.233048	-0.229790	-0.225274	-0.221337	0.059774	0.052498	0.044652	0.035969	0.042490	-0.224112	1.190573	0.449781	0.333838	-0.235579	-0.233912	-0.230494	-0.238914	-0.223773	-0.241895	0.026433	0.024227	0.029880	0.044733	0.043967	0.020145	0.043871	-0.222420	-0.234867	0.273787	0.039869	0.031016	0.316149	-0.219809	-0.187346	0.383100	-0.160185	-0.099846	0.382636	-0.225200	-0.225898	-0.207181	0.327051	-0.203019	-0.223306	0.350328	-0.138131	-0.234160	-0.203599	0.342904	-0.163420	-0.171513	0.344648	0.363138	-0.223159	-0.218904	-0.217245	-0.195446	0.230635	0.341282	0.366084	0.340479	-0.215238	-0.209314	-0.203330	-0.201155	-0.211391	0.306740	-0.203311	-0.111637	0.296639	-0.190256	-0.225215	-0.214842	-0.186599	-0.212703	-0.232955	0.357778	0.322062	-0.214660	0.235370	
-0.230557	-0.155416	-0.205442	-0.299115	0.100949	0.078857	0.212918	0.327264	0.390253	0.465534	-0.233988	-0.228704	-0.218261	-0.214635	0.044318	0.030647	0.043133	0.025287	0.029876	-0.219119	0.449781	1.220918	0.329120	-0.226993	-0.228846	-0.228190	-0.238325	-0.224612	-0.243075	0.017599	0.015688	0.031729	0.019072	0.029942	0.014931	0.026830	-0.228256	-0.239337	0.255201	0.021996	0.011531	0.412314	-0.224982	-0.206414	0.330205	-0.220717	-0.209903	0.413872	-0.217846	-0.217206	-0.202090	0.355572	-0.179951	-0.212353	0.376133	0.002738	-0.217923	-0.188431	0.368300	-0.176264	-0.125253	0.363718	0.388761	-0.199940	-0.207752	-0.218279	-0.198722	0.328412	0.349562	0.387584	0.302278	-0.241358	-0.207352	-0.195772	-0.208731	-0.207188	0.380418	-0.197505	-0.142912	0.287495	-0.198897	-0.213014	-0.207311	-0.157340	-0.205787	-0.232322	0.353558	0.365866	-0.212160	0.270138	
-0.161631	-0.185242	-0.298640	-0.313016	0.196539	0.104086	0.403826	0.449642	0.239780	0.398198	-0.269218	-0.255617	-0.264083	-0.265157	0.143839	0.144775	0.114837	0.119216	0.114904	-0.266901	0.333838	0.329120	1.343335	-0.264167	-0.259957	-0.257557	-0.277560	-0.267127	-0.286379	0.093243	0.111188	0.115971	0.122943	0.139296	0.104409	0.124710	-0.258149	-0.287707	0.448336	0.088615	0.098393	0.250206	-0.280128	-0.245647	0.228370	-0.226561	-0.214889	0.266794	-0.271854	-0.270326	-0.269614	0.224785	-0.258326	-0.247468	0.250589	-0.152702	-0.270786	-0.226070	0.310134	-0.185905	-0.140840	0.240383	0.256135	-0.254401	-0.258244	-0.267616	-0.235913	0.189285	0.266455	0.266031	0.196524	-0.265719	-0.260267	-0.245860	-0.264713	-0.279079	0.187016	-0.250213	-0.160161	0.224073	-0.250635	-0.267764	-0.255823	-0.211373	-0.250937	-0.280238	0.245369	0.204502	-0.267310	0.202071	
0.426329	0.206172	0.103337	0.089390	-0.063828	-0.098629	-0.297111	-0.269727	-0.233001	-0.267791	0.165725	0.186274	0.081626	0.081278	-0.115806	-0.122893	-0.103148	-0.108323	-0.107001	0.089597	-0.235579	-0.226993	-0.264167	0.966078	0.195199	0.238433	0.203112	0.100861	0.185466	-0.102981	-0.113741	-0.102713	-0.101018	-0.113549	-0.089422	-0.118155	0.180153	0.176977	-0.271451	-0.087827	-0.096170	-0.258506	0.103720	0.086321	-0.209868	0.058057	0.106795	-0.216951	0.114397	0.097595	0.069087	-0.220876	0.107940	0.152284	-0.226464	0.058315	0.118169	0.069550	-0.236289	0.039103	0.051972	-0.211191	-0.226402	0.105944	0.091076	0.086974	0.105178	-0.211797	-0.220580	-0.216538	-0.205508	0.112050	0.094870	0.080015	0.051131	0.103518	-0.230622	0.081498	-0.011037	-0.202404	0.078146	0.103785	0.107382	0.043885	0.087460	0.128493	-0.211206	-0.219754	0.104397	-0.251042	
0.013237	0.057167	0.100015	0.093227	-0.124068	-0.187352	-0.299933	-0.285775	-0.201000	-0.245351	0.192942	0.183121	0.088724	0.084877	-0.115081	-0.125251	-0.097450	-0.104538	-0.108352	0.094977	-0.233912	-0.228846	-0.259957	0.195199	0.926591	0.197070	0.213516	0.090984	0.174145	-0.106960	-0.099135	-0.111384	-0.104832	-0.112221	-0.098069	-0.100766	0.170360	0.187849	-0.269220	-0.106834	-0.098919	-0.273260	0.109101	0.078880	-0.239083	0.110814	0.141922	-0.216027	0.119963	0.113018	0.110854	-0.203264	0.095375	0.084484	-0.226383	0.009299	0.128591	0.072815	-0.222113	0.024127	0.098439	-0.217882	-0.218504	0.088345	0.107517	0.091403	0.079468	-0.205269	-0.220217	-0.215468	-0.207841	0.175488	0.096656	0.104166	0.076559	0.163307	-0.234897	0.096312	0.039437	-0.216212	0.061193	0.110395	0.107431	0.062798	0.073904	0.166433	-0.214682	-0.220197	0.104709	-0.220175	
0.053959	0.142902	0.079054	0.078891	-0.122935	-0.100053	-0.297519	-0.307693	-0.222254	-0.211699	0.163538	0.172597	0.077286	0.079262	-0.123831	-0.124062	-0.116002	-0.112992	-0.110874	0.095421	-0.230494	-0.228190	-0.257557	0.238433	0.197070	0.978982	0.294661	0.088757	0.167074	-0.112506	-0.099593	-0.106536	-0.105886	-0.114501	-0.099196	-0.106446	0.175840	0.175920	-0.266454	-0.088186	-0.108390	-0.256456	0.099076	0.099769	-0.237526	0.102910	0.022991	-0.222053	0.108245	0.101170	0.071802	-0.205534	0.089623	0.057442	-0.229883	0.102641	0.097152	0.046140	-0.238617	0.027551	0.075208	-0.207687	-0.218914	0.093140	0.082375	0.080541	0.098162	-0.222421	-0.220986	-0.218008	-0.209796	0.078050	0.086267	0.078448	0.055197	0.068321	-0.215385	0.085682	0.074101	-0.202662	0.100900	0.112527	0.092825	0.096131	0.090645	0.145795	-0.222499	-0.223466	0.098015	-0.197304	
0.099284	0.172295	0.130300	0.097548	-0.077398	-0.099076	-0.321949	-0.270375	-0.217797	-0.238364	0.180824	0.198953	0.097723	0.088994	-0.127843	-0.124257	-0.120272	-0.116160	-0.113304	0.096579	-0.238914	-0.238325	-0.277560	0.203112	0.213516	0.294661	0.937196	0.094132	0.187242	-0.112133	-0.105179	-0.118674	-0.125337	-0.125133	-0.100357	-0.103648	0.172394	0.195962	-0.271335	-0.101367	-0.118871	-0.260126	0.095804	0.100535	-0.230959	0.123124	0.091695	-0.225306	0.127722	0.114765	0.087318	-0.212699	0.111090	0.058381	-0.231374	0.003869	0.136834	0.080306	-0.213987	0.026781	0.050940	-0.218860	-0.219850	0.105620	0.101889	0.123639	0.091424	-0.227879	-0.230473	-0.221024	-0.209696	0.157794	0.102110	0.086010	0.088564	0.132714	-0.229010	0.085550	0.051490	-0.208616	0.057882	0.117367	0.106811	0.053795	0.073973	0.145970	-0.221722	-0.213985	0.114345	-0.248450	
-0.002091	0.072443	0.248155	0.343916	-0.172018	-0.220848	-0.295440	-0.263898	-0.206623	-0.220391	0.107521	0.090579	0.333346	0.327394	-0.166598	-0.163432	-0.154669	-0.151879	-0.148081	0.329534	-0.223773	-0.224612	-0.267127	0.100861	0.090984	0.088757	0.094132	0.973265	0.136522	-0.147078	-0.142418	-0.150560	-0.149131	-0.158829	-0.137353	-0.146739	0.081233	0.112532	-0.270077	-0.145820	-0.141484	-0.249176	0.178339	0.149467	-0.207585	0.038369	0.175210	-0.206324	0.191837	0.207638	0.183610	-0.180341	0.193935	0.097143	-0.206426	0.074418	0.163268	0.138492	-0.222693	0.152311	0.111558	-0.194311	-0.200212	0.178186	0.177125	0.195211	0.130060	-0.184691	-0.214399	-0.207793	-0.181058	0.112676	0.169344	0.179274	0.135533	0.060884	-0.209788	0.171768	0.119978	-0.192439	0.094146	0.184720	0.179212	0.136652	0.163922	0.107243	-0.195246	-0.222725	0.162156	-0.183913	
0.352137	0.096543	0.108779	0.149925	-0.119981	-0.120283	-0.324746	-0.282876	-0.256887	-0.259783	0.183452	0.182664	0.132414	0.132422	-0.132396	-0.135435	-0.124584	-0.131017	-0.125529	0.132471	-0.241895	-0.243075	-0.286379	0.185466	0.174145	0.167074	0.187242	0.136522	0.873396	-0.118965	-0.109775	-0.122511	-0.130149	-0.125756	-0.113912	-0.119106	0.179324	0.225771	-0.286023	-0.119534	-0.117780	-0.236050	0.154776	0.096108	-0.233322	0.006535	-0.019112	-0.228086	0.148575	0.154319	0.117483	-0.223304	0.077864	0.091735	-0.229972	-0.024430	0.154582	0.099934	-0.223009	0.031943	0.033390	-0.218253	-0.224610	0.124258	0.134599	0.140996	0.128683	-0.216700	-0.230284	-0.228022	-0.203980	0.165917	0.137315	0.131262	0.067888	0.140557	-0.227865	0.133244	0.065193	-0.208462	0.105229	0.155712	0.144528	0.107118	0.123250	0.174083	-0.222527	-0.241490	0.153332	-0.232820	
-0.009409	-0.008162	-0.085028	-0.196418	-0.004416	0.082257	0.177719	0.123842	-0.047256	0.020663	-0.102514	-0.103546	-0.148365	-0.147232	0.094049	0.097582	0.075273	0.078884	0.066101	-0.145898	0.026433	0.017599	0.093243	-0.102981	-0.106960	-0.112506	-0.112133	-0.147078	-0.118965	1.075744	0.076585	0.081962	0.117066	0.095048	0.076753	0.085549	-0.085735	-0.111374	0.131759	0.079473	0.081839	0.046063	-0.149922	-0.131043	0.006229	-0.082614	-0.138774	0.004543	-0.131113	-0.142589	-0.131084	-0.005892	-0.141209	-0.134710	0.008754	0.033291	-0.122375	-0.133382	-0.010563	-0.063746	-0.122149	-0.001310	0.007776	-0.141229	-0.128148	-0.141783	-0.138115	0.000655	0.007707	0.012717	-0.022318	-0.193843	-0.131503	-0.117883	-0.146117	-0.119527	0.009233	-0.113888	-0.123379	0.018338	-0.143372	-0.141133	-0.133388	-0.118087	-0.120909	-0.117799	0.000317	0.005137	-0.136448	0.005066	
-0.084362	-0.120291	-0.172273	-0.182684	0.100957	0.017529	0.165855	0.034216	-0.059092	0.040591	-0.099588	-0.093409	-0.148073	-0.134802	0.086038	0.086086	0.086717	0.080115	0.077591	-0.145728	0.024227	0.015688	0.111188	-0.113741	-0.099135	-0.099593	-0.105179	-0.142418	-0.109775	0.076585	1.063688	0.090030	0.084287	0.078469	0.057489	0.060666	-0.102247	-0.113540	0.122244	0.068710	0.076182	-0.032117	-0.121017	-0.132317	-0.008190	-0.118341	-0.213630	0.020755	-0.132069	-0.126929	-0.127456	0.021179	-0.120364	-0.146739	-0.005221	-0.172471	-0.111078	-0.091258	-0.004579	-0.069889	-0.035890	0.007216	0.004624	-0.098775	-0.114668	-0.138221	-0.111321	0.001150	0.017951	0.011360	0.011182	-0.134172	-0.128264	-0.123106	-0.149040	-0.056840	0.020363	-0.116051	-0.082508	0.004323	-0.109271	-0.129802	-0.123516	-0.084848	-0.138994	-0.115306	-0.005547	0.002905	-0.133699	0.073373	
-0.202635	-0.094293	-0.192416	-0.119723	0.122615	0.139067	0.031602	0.269124	0.075773	-0.071509	-0.122675	-0.092588	-0.147364	-0.155120	0.098995	0.087940	0.086634	0.101210	0.084608	-0.153594	0.029880	0.031729	0.115971	-0.102713	-0.111384	-0.106536	-0.118674	-0.150560	-0.122511	0.081962	0.090030	1.075180	0.085653	0.085753	0.082207	0.062328	-0.105939	-0.123294	0.136311	0.085348	0.076241	-0.006166	-0.168672	-0.133589	0.040695	-0.141604	-0.215071	0.016932	-0.139030	-0.138094	-0.139716	0.016245	-0.116734	-0.166449	0.003072	-0.190812	-0.161773	-0.118308	-0.021229	-0.064141	-0.189830	0.017632	0.003023	-0.129248	-0.134619	-0.141092	-0.116473	0.012970	0.014927	0.031061	-0.005300	-0.184889	-0.131677	-0.133969	-0.143789	-0.198892	0.001965	-0.127808	-0.129849	0.002841	-0.131451	-0.143513	-0.136017	-0.124769	-0.117890	-0.118883	0.017110	-0.010603	-0.130061	0.024112	
-0.094456	-0.147475	-0.217973	-0.178020	0.070875	0.008344	0.046225	0.037417	-0.044384	0.010250	-0.114563	-0.109125	-0.154723	-0.146813	0.084735	0.080167	0.094571	0.105164	0.074417	-0.156873	0.044733	0.019072	0.122943	-0.101018	-0.104832	-0.105886	-0.125337	-0.149131	-0.130149	0.117066	0.084287	0.085653	1.060287	0.100699	0.077433	0.090009	-0.106781	-0.116247	0.136718	0.066034	0.084459	-0.022941	-0.156402	-0.162849	-0.007987	-0.089117	-0.019754	0.017835	-0.145417	-0.139038	-0.124900	0.013844	-0.131049	-0.125290	0.009317	-0.057620	-0.115990	-0.125469	-0.009866	-0.104619	-0.120097	0.000480	0.001435	-0.138337	-0.137234	-0.144291	-0.107639	-0.004588	0.003144	0.025443	0.011686	-0.134810	-0.136408	-0.117258	-0.114294	-0.252881	-0.011864	-0.134446	-0.080179	0.037516	-0.132183	-0.132338	-0.127764	-0.114315	-0.133854	-0.130239	0.014647	0.009541	-0.137894	-0.020648	
-0.138314	-0.105054	-0.190372	-0.226559	0.193037	-0.022407	0.114232	0.018833	0.051399	0.090091	-0.118065	-0.111158	-0.157745	-0.161092	0.076439	0.099750	0.090728	0.077043	0.103192	-0.156784	0.043967	0.029942	0.139296	-0.113549	-0.112221	-0.114501	-0.125133	-0.158829	-0.125756	0.095048	0.078469	0.085753	0.100699	1.096393	0.080806	0.065197	-0.099989	-0.128687	0.154649	0.075792	0.096509	0.049879	-0.119626	-0.143209	0.032184	-0.122321	-0.218049	0.025186	-0.140629	-0.142421	-0.169570	0.024424	-0.150307	-0.170747	-0.007668	-0.126870	-0.150710	-0.130258	0.013369	-0.105179	-0.118296	0.005151	0.005965	-0.139004	-0.139492	-0.140475	-0.102667	0.009696	0.014880	0.025088	0.020534	-0.160268	-0.136395	-0.136037	-0.096196	-0.134134	0.000435	-0.130367	-0.099681	0.007015	-0.149939	-0.146754	-0.136714	-0.155204	-0.126442	-0.116725	0.015925	0.043153	-0.150785	-0.019842	
-0.081930	-0.111751	-0.180400	-0.123254	-0.017530	0.018653	0.099351	0.142511	-0.052533	0.032128	-0.085564	-0.090513	-0.140526	-0.136579	0.072739	0.059797	0.082397	0.065065	0.058220	-0.135022	0.020145	0.014931	0.104409	-0.089422	-0.098069	-0.099196	-0.100357	-0.137353	-0.113912	0.076753	0.057489	0.082207	0.077433	0.080806	1.092026	0.064888	-0.083119	-0.104896	0.127947	0.055309	0.063454	0.004016	-0.134966	-0.136545	0.032613	-0.083150	-0.052723	0.007156	-0.124350	-0.126703	-0.138891	0.029385	-0.119126	-0.165431	0.005526	-0.063927	-0.131092	-0.129738	-0.019702	-0.134946	-0.066949	0.001330	0.000753	-0.113310	-0.116378	-0.140878	-0.136629	-0.011311	0.013715	0.017403	-0.021884	-0.112549	-0.111126	-0.125743	-0.164356	-0.150006	-0.019496	-0.110342	-0.098442	0.015450	-0.124191	-0.121779	-0.122152	-0.115747	-0.111809	-0.120377	0.002159	-0.011787	-0.131349	0.031362	
-0.054282	-0.148062	-0.149219	-0.132668	0.041692	0.055578	0.251647	0.157275	0.016320	0.054202	-0.117774	-0.103494	-0.145759	-0.138521	0.083258	0.059430	0.091287	0.050829	0.064775	-0.146998	0.043871	0.026830	0.124710	-0.118155	-0.100766	-0.106446	-0.103648	-0.146739	-0.119106	0.085549	0.060666	0.062328	0.090009	0.065197	0.064888	1.079793	-0.089636	-0.104833	0.149870	0.082074	0.086234	0.013361	-0.121102	-0.132209	0.021667	-0.053409	-0.091940	0.019817	-0.135797	-0.130667	-0.112451	0.011041	-0.156999	-0.158435	0.010103	-0.243759	-0.122294	-0.106070	-0.036295	-0.102025	-0.131778	0.004472	0.006260	-0.124855	-0.120738	-0.121048	-0.106854	-0.001512	0.024226	0.019619	0.018738	-0.146442	-0.118117	-0.124982	-0.110088	-0.142597	0.013601	-0.123664	-0.101296	-0.009830	-0.119763	-0.122455	-0.128108	-0.101213	-0.138176	-0.116790	0.015985	-0.015402	-0.131559	0.047270	
0.165878	0.063584	0.214051	0.107812	-0.151411	-0.122144	-0.230096	-0.212993	-0.247849	-0.237836	0.184040	0.180347	0.082518	0.076882	-0.117691	-0.106744	-0.111079	-0.097153	-0.098435	0.087936	-0.222420	-0.228256	-0.258149	0.180153	0.170360	0.175840	0.172394	0.081233	0.179324	-0.085735	-0.102247	-0.105939	-0.106781	-0.099989	-0.083119	-0.089636	0.882884	0.192025	-0.245773	-0.096221	-0.103854	-0.232484	0.104617	0.092691	-0.252767	0.127230	0.229551	-0.205227	0.112396	0.108391	0.110675	-0.185762	0.060489	0.025174	-0.215812	-0.027775	0.120495	0.116586	-0.222445	0.141842	0.130917	-0.204411	-0.213813	0.103517	0.103373	0.093198	0.061193	-0.216723	-0.200397	-0.209560	-0.206914	0.133363	0.102589	0.095670	0.062856	0.062301	-0.202547	0.091626	0.042605	-0.197847	0.056046	0.111558	0.100574	0.060680	0.094452	0.141291	-0.218869	-0.222290	0.108961	-0.188993	
0.175883	0.207193	0.081889	0.112209	-0.181393	-0.102083	-0.325603	-0.269375	-0.258887	-0.240287	0.177312	0.174597	0.102977	0.114630	-0.145233	-0.136045	-0.131813	-0.128328	-0.119303	0.106991	-0.234867	-0.239337	-0.287707	0.176977	0.187849	0.175920	0.195962	0.112532	0.225771	-0.111374	-0.113540	-0.123294	-0.116247	-0.128687	-0.104896	-0.104833	0.192025	0.876573	-0.279676	-0.112487	-0.115668	-0.212681	0.120424	0.140620	-0.225884	0.087993	0.064114	-0.225151	0.149714	0.134158	0.149363	-0.212432	0.101692	0.135741	-0.230033	-0.042046	0.150338	0.124048	-0.219593	0.067194	0.152798	-0.214706	-0.216100	0.141880	0.143658	0.136087	0.097307	-0.246817	-0.213788	-0.221539	-0.198767	0.130801	0.133680	0.132829	0.045915	0.179530	-0.192605	0.146738	0.046267	-0.196412	0.114555	0.148509	0.151146	0.107595	0.111852	0.161315	-0.217313	-0.216341	0.134137	-0.174329	
-0.212331	-0.186431	-0.285581	-0.280137	0.153788	0.346611	0.381418	0.333386	0.126173	0.245850	-0.270083	-0.257422	-0.269153	-0.266665	0.171807	0.148836	0.130650	0.160799	0.142374	-0.268390	0.273787	0.255201	0.448336	-0.271451	-0.269220	-0.266454	-0.271335	-0.270077	-0.286023	0.131759	0.122244	0.136311	0.136718	0.154649	0.127947	0.149870	-0.245773	-0.279676	1.279862	0.149509	0.153007	0.259574	-0.253294	-0.247525	0.233767	-0.144981	-0.103450	0.217363	-0.264723	-0.267470	-0.257950	0.170515	-0.240130	-0.266435	0.216463	-0.224313	-0.271690	-0.237782	0.202332	-0.168169	-0.204291	0.193615	0.195109	-0.256329	-0.251967	-0.263217	-0.227223	0.205991	0.236010	0.217078	0.180732	-0.270013	-0.247423	-0.248223	-0.236094	-0.302145	0.197320	-0.242882	-0.152397	0.170268	-0.220912	-0.264225	-0.246305	-0.213731	-0.249182	-0.271076	0.211695	0.184758	-0.256363	0.278493	
-0.084494	-0.176312	-0.207253	-0.182627	0.019479	0.113868	0.050641	0.077525	-0.030241	0.056987	-0.101127	-0.101781	-0.143603	-0.141530	0.093070	0.068730	0.073371	0.074431	0.067604	-0.147934	0.039869	0.021996	0.088615	-0.087827	-0.106834	-0.088186	-0.101367	-0.145820	-0.119534	0.079473	0.068710	0.085348	0.066034	0.075792	0.055309	0.082074	-0.096221	-0.112487	0.149509	1.081343	0.072016	-0.002175	-0.116379	-0.138860	0.011320	-0.051423	-0.088255	0.016616	-0.119840	-0.129997	-0.150639	-0.022948	-0.102623	-0.106596	-0.002940	-0.139450	-0.140888	-0.126337	-0.012864	-0.089123	-0.204407	0.009926	0.000952	-0.132352	-0.134788	-0.130201	-0.120609	0.025092	0.004179	0.016707	-0.018425	-0.109703	-0.121860	-0.118101	-0.034349	-0.149037	0.014264	-0.124957	-0.061962	-0.012988	-0.098280	-0.129939	-0.129411	-0.094964	-0.131546	-0.106869	0.004058	0.017798	-0.125518	0.007146	
-0.095395	-0.055494	-0.169231	-0.207117	-0.046884	0.138847	-0.002712	0.070121	-0.047532	-0.047483	-0.105935	-0.094021	-0.143569	-0.138912	0.083229	0.095555	0.077987	0.073236	0.074926	-0.139455	0.031016	0.011531	0.098393	-0.096170	-0.098919	-0.108390	-0.118871	-0.141484	-0.117780	0.081839	0.076182	0.076241	0.084459	0.096509	0.063454	0.086234	-0.103854	-0.115668	0.153007	0.072016	1.051631	0.052747	-0.117888	-0.138131	-0.000842	-0.063989	-0.148342	0.007025	-0.130885	-0.142952	-0.096514	-0.014321	-0.141962	-0.093451	0.020574	-0.128938	-0.110865	-0.119853	0.005896	-0.061760	-0.155131	0.002260	0.004636	-0.144675	-0.119399	-0.137514	-0.114635	-0.043532	0.019988	0.021157	0.011811	-0.121807	-0.123628	-0.125690	-0.067471	-0.060205	0.022722	-0.121784	-0.024255	-0.001157	-0.104951	-0.130735	-0.127756	-0.140932	-0.114844	-0.121034	0.005489	-0.002762	-0.140375	0.056472	
-0.399228	-0.309465	-0.015742	-0.412132	0.320778	0.288817	0.174820	-0.002120	1.064153	0.430409	-0.265206	-0.270629	-0.221661	-0.259138	0.058574	0.002143	0.009266	-0.019314	0.029913	-0.216645	0.316149	0.412314	0.250206	-0.258506	-0.273260	-0.256456	-0.260126	-0.249176	-0.236050	0.046063	-0.032117	-0.006166	-0.022941	0.049879	0.004016	0.013361	-0.232484	-0.212681	0.259574	-0.002175	0.052747	1.064864	-0.142655	-0.094806	0.507761	-0.223617	0.034559	0.450353	-0.213073	-0.171177	-0.162284	0.175806	-0.219639	-0.308565	0.375050	0.199164	-0.107684	-0.120746	0.391365	0.367134	0.152300	0.404838	0.423264	-0.196414	-0.188145	-0.259240	-0.106531	0.388618	0.389325	0.390886	0.606200	-0.137497	-0.164727	-0.072248	-0.228892	-0.109194	0.578328	-0.170465	-0.189077	0.350034	-0.060194	-0.218941	-0.199132	-0.187293	-0.140294	-0.232001	0.334052	0.175842	-0.208932	-0.232935	
0.020553	0.035335	0.139859	0.083845	-0.035926	-0.231027	-0.550504	-0.549099	-0.345632	-0.014371	0.109533	0.126263	0.167758	0.188464	-0.187560	-0.179215	-0.131267	-0.120427	-0.137518	0.197767	-0.219809	-0.224982	-0.280128	0.103720	0.109101	0.099076	0.095804	0.178339	0.154776	-0.149922	-0.121017	-0.168672	-0.156402	-0.119626	-0.134966	-0.121102	0.104617	0.120424	-0.253294	-0.116379	-0.117888	-0.142655	0.803084	0.097121	-0.163472	0.359917	0.466455	-0.173131	0.169010	0.196999	0.178423	-0.198626	0.084299	0.067389	-0.238838	0.053930	0.221498	0.328541	-0.259619	-0.108466	-0.123957	-0.157005	-0.194027	0.140568	0.184831	0.233070	0.176380	-0.160090	-0.149523	-0.170477	-0.224897	0.024995	0.176646	0.230000	0.064312	0.073534	-0.222579	0.181052	0.103796	-0.063265	0.156836	0.195139	0.155470	0.128838	0.191136	0.130896	-0.160233	-0.232594	0.181849	-0.032721	
-0.021466	0.034716	0.157351	0.018082	-0.255606	-0.226214	-0.337256	-0.343478	-0.186669	-0.240735	0.134477	0.078182	0.158689	0.162990	-0.142350	-0.161577	-0.124198	-0.157985	-0.133070	0.155950	-0.187346	-0.206414	-0.245647	0.086321	0.078880	0.099769	0.100535	0.149467	0.096108	-0.131043	-0.132317	-0.133589	-0.162849	-0.143209	-0.136545	-0.132209	0.092691	0.140620	-0.247525	-0.138860	-0.138131	-0.094806	0.097121	0.718922	-0.218389	0.049895	0.097944	-0.159408	0.206860	0.199163	0.123123	-0.145151	0.206159	0.293597	-0.148965	-0.059340	0.121451	0.313478	-0.133402	-0.120848	0.121450	-0.129188	-0.141076	0.179281	0.178626	0.164432	0.148111	-0.065019	-0.149398	-0.153145	-0.156314	0.251109	0.180641	0.187235	0.167141	0.178920	-0.138983	0.155347	0.174634	-0.153401	0.192615	0.194529	0.195058	0.226839	0.196075	0.167167	-0.141369	-0.172872	0.191557	-0.223688	
-0.021360	-0.112967	-0.633605	-0.210192	-0.015048	0.000893	0.267010	-0.022005	-0.063145	0.536224	-0.260145	-0.255477	-0.233028	-0.189115	0.032559	0.040278	-0.005687	0.012141	0.052186	-0.207439	0.383100	0.330205	0.228370	-0.209868	-0.239083	-0.237526	-0.230959	-0.207585	-0.233322	0.006229	-0.008190	0.040695	-0.007987	0.032184	0.032613	0.021667	-0.252767	-0.225884	0.233767	0.011320	-0.000842	0.507761	-0.163472	-0.218389	1.050846	0.156226	-0.210239	0.320020	-0.232454	-0.243136	-0.162888	0.331221	-0.178227	-0.078090	0.360569	0.601293	-0.213632	-0.167271	0.309593	0.314940	0.045261	0.332004	0.301677	-0.112275	-0.198838	-0.248359	-0.169173	0.498382	0.356613	0.421189	0.473752	-0.124706	-0.131965	-0.141532	0.438894	-0.115642	0.255416	-0.138187	-0.231137	0.331836	-0.183369	-0.223488	-0.240168	-0.086895	-0.189157	-0.178857	0.351829	0.524932	-0.220439	0.106929	
-0.460526	-0.263886	0.188276	-0.324126	-0.184149	-0.332164	-0.123955	-0.485519	-0.550601	-0.783673	0.055885	0.088494	0.029348	0.070800	-0.093815	-0.118793	-0.152851	-0.135626	-0.096399	0.078816	-0.160185	-0.220717	-0.226561	0.058057	0.110814	0.102910	0.123124	0.038369	0.006535	-0.082614	-0.118341	-0.141604	-0.089117	-0.122321	-0.083150	-0.053409	0.127230	0.087993	-0.144981	-0.051423	-0.063989	-0.223617	0.359917	0.049895	0.156226	0.743660	0.098583	-0.165700	0.113633	0.143909	0.062131	-0.141755	0.226478	0.169981	-0.220430	-0.133587	0.146424	0.419840	-0.222632	-0.062535	-0.297829	-0.120293	-0.170164	0.029468	0.128412	0.157985	0.008816	-0.081838	-0.151002	-0.093646	-0.191625	0.525949	0.128464	0.133665	-0.171119	-0.502140	-0.016690	0.135164	0.109273	-0.061874	-0.050754	0.091172	0.262929	0.086322	0.049461	0.265178	0.011533	-0.054230	0.152725	0.378747	
