0.929750	-0.169652	-0.014015	-0.008186	-0.008214	-0.183407	-0.186064	-0.174804	-0.177166	0.090145	-0.007572	0.024665	-0.007505	-0.161300	-0.036967	0.004754	-0.021130	-0.094679	-0.090265	-0.079239	-0.074446	-0.058646	-0.067468	-0.091285	-0.071303	-0.066924	-0.074924	-0.072902	-0.089012	-0.074553	0.002598	-0.084497	
-0.169652	1.102907	-0.148782	-0.181331	-0.179983	0.252833	0.164300	0.104139	0.094764	-0.181319	-0.183138	-0.194110	-0.186397	0.059955	-0.143032	-0.177004	-0.155005	-0.044077	-0.055425	-0.039008	-0.064429	-0.063574	-0.039319	-0.034980	-0.029307	-0.059728	-0.043417	-0.057273	-0.040770	-0.065604	-0.138799	-0.031648	
-0.014015	-0.148782	0.955655	-0.005433	-0.000562	-0.144722	-0.148196	-0.149661	-0.148938	-0.015597	-0.004719	-0.026387	-0.023756	-0.137009	-0.027945	0.006298	-0.011038	-0.080335	-0.085407	-0.077384	-0.071209	-0.078943	-0.077796	-0.071069	-0.074183	-0.073514	-0.072360	-0.076070	-0.072793	-0.073539	-0.004419	-0.075157	
-0.008186	-0.181331	-0.005433	0.964215	0.080067	-0.184749	-0.185496	-0.178348	-0.176694	0.008221	0.003121	-0.013365	-0.010403	-0.162317	-0.020573	0.021864	-0.004060	-0.090183	-0.097617	-0.081051	-0.081548	-0.089383	-0.085807	-0.095710	-0.087437	-0.093081	-0.086057	-0.093700	-0.082435	-0.085220	-0.001289	-0.085636	
-0.008214	-0.179983	-0.000562	0.080067	0.970920	-0.183047	-0.184890	-0.179843	-0.177511	-0.004841	0.010372	-0.014709	-0.011000	-0.160688	-0.023063	0.017194	-0.004598	-0.089666	-0.093518	-0.076814	-0.083472	-0.088945	-0.094238	-0.083869	-0.086645	-0.080113	-0.082922	-0.087349	-0.076119	-0.081996	-0.007460	-0.085687	
-0.183407	0.252833	-0.144722	-0.184749	-0.183047	1.151329	0.229210	0.150336	0.142797	-0.182913	-0.180617	-0.195126	-0.186014	0.099009	-0.137365	-0.182338	-0.158674	-0.032960	-0.030622	-0.036383	-0.036906	-0.039577	-0.043947	-0.033565	-0.040462	-0.045743	-0.036040	-0.038989	-0.044849	-0.035312	-0.148424	-0.040174	
-0.186064	0.164300	-0.148196	-0.185496	-0.184890	0.229210	1.150242	0.162550	0.152416	-0.185687	-0.179675	-0.195315	-0.186809	0.104028	-0.137351	-0.182858	-0.159243	-0.033667	-0.026498	-0.033371	-0.042792	-0.033526	-0.037898	-0.024069	-0.046382	-0.041989	-0.030689	-0.038841	-0.047859	-0.043925	-0.152823	-0.040224	
-0.174804	0.104139	-0.149661	-0.178348	-0.179843	0.150336	0.162550	1.128275	0.180600	-0.179421	-0.174334	-0.192123	-0.180506	0.125480	-0.131398	-0.177789	-0.150823	-0.029682	-0.025811	-0.045002	-0.031261	-0.021584	-0.031331	-0.041601	-0.032474	-0.041770	-0.025124	-0.031629	-0.050771	-0.038622	-0.150023	-0.025568	
-0.177166	0.094764	-0.148938	-0.176694	-0.177511	0.142797	0.152416	0.180600	1.125317	-0.177822	-0.172893	-0.188002	-0.181070	0.127447	-0.126843	-0.175134	-0.148636	-0.026840	-0.028931	-0.021087	-0.028335	-0.017887	-0.026069	-0.024204	-0.035879	-0.040147	-0.024296	-0.028816	-0.039533	-0.034227	-0.146927	-0.029857	
0.090145	-0.181319	-0.015597	0.008221	-0.004841	-0.182913	-0.185687	-0.179421	-0.177822	0.968215	0.016444	0.069330	-0.000915	-0.161904	-0.029570	0.011971	-0.017243	-0.090876	-0.090745	-0.085369	-0.078895	-0.088091	-0.083437	-0.094963	-0.092288	-0.078260	-0.084900	-0.093088	-0.087373	-0.077694	-0.006665	-0.088430	
-0.007572	-0.183138	-0.004719	0.003121	0.010372	-0.180617	-0.179675	-0.174334	-0.172893	0.016444	0.957275	0.008850	0.023806	-0.156833	-0.025001	0.011868	-0.006814	-0.085757	-0.085681	-0.076629	-0.074958	-0.094255	-0.079431	-0.090462	-0.081873	-0.074756	-0.084188	-0.086765	-0.075676	-0.079764	-0.011388	-0.086990	
0.024665	-0.194110	-0.026387	-0.013365	-0.014709	-0.195126	-0.195315	-0.192123	-0.188002	0.069330	0.008850	0.995205	0.155788	-0.172709	-0.044193	-0.010407	-0.030833	-0.102927	-0.100805	-0.097632	-0.097093	-0.096940	-0.105320	-0.108783	-0.097387	-0.091013	-0.093214	-0.101806	-0.094246	-0.096714	-0.019535	-0.099409	
-0.007505	-0.186397	-0.023756	-0.010403	-0.011000	-0.186014	-0.186809	-0.180506	-0.181070	-0.000915	0.023806	0.155788	0.977318	-0.163581	-0.036596	-0.008148	-0.024698	-0.095278	-0.098173	-0.092156	-0.084764	-0.083967	-0.089063	-0.091908	-0.097684	-0.092319	-0.097168	-0.094518	-0.090394	-0.092768	-0.020830	-0.093078	
-0.161300	0.059955	-0.137009	-0.162317	-0.160688	0.099009	0.104028	0.125480	0.127447	-0.161904	-0.156833	-0.172709	-0.163581	1.090714	-0.103102	-0.157619	-0.129368	-0.014483	-0.010486	-0.017137	-0.009775	-0.010231	-0.013796	-0.023416	-0.016539	-0.011450	-0.010974	-0.018995	-0.016797	-0.027346	-0.138909	-0.017340	
-0.036967	-0.143032	-0.027945	-0.020573	-0.023063	-0.137365	-0.137351	-0.131398	-0.126843	-0.029570	-0.025001	-0.044193	-0.036596	-0.103102	0.885027	-0.011152	0.049412	-0.044575	-0.044948	-0.032854	-0.041620	-0.046786	-0.037103	-0.043083	-0.042808	-0.046649	-0.042082	-0.045190	-0.040837	-0.039465	-0.007039	-0.039007	
0.004754	-0.177004	0.006298	0.021864	0.017194	-0.182338	-0.182858	-0.177789	-0.175134	0.011971	0.011868	-0.010407	-0.008148	-0.157619	-0.011152	0.940960	0.014788	-0.077981	-0.082848	-0.071636	-0.069790	-0.083052	-0.081213	-0.080015	-0.083151	-0.068208	-0.072479	-0.080274	-0.073860	-0.073197	-0.005985	-0.076913	
-0.021130	-0.155005	-0.011038	-0.004060	-0.004598	-0.158674	-0.159243	-0.150823	-0.148636	-0.017243	-0.006814	-0.030833	-0.024698	-0.129368	0.049412	0.014788	0.867703	-0.052321	-0.049515	-0.038276	-0.047732	-0.052869	-0.046304	-0.052211	-0.046868	-0.040838	-0.044413	-0.047990	-0.041274	-0.046656	0.005667	-0.048617	
-0.094679	-0.044077	-0.080335	-0.090183	-0.089666	-0.032960	-0.033667	-0.029682	-0.026840	-0.090876	-0.085757	-0.102927	-0.095278	-0.014483	-0.044575	-0.077981	-0.052321	0.924060	0.038102	0.046008	0.058478	0.038080	0.049427	0.040416	0.039011	0.047462	0.047025	0.053349	0.049890	0.059317	-0.024538	0.055156	
-0.090265	-0.055425	-0.085407	-0.097617	-0.093518	-0.030622	-0.026498	-0.025811	-0.028931	-0.090745	-0.085681	-0.100805	-0.098173	-0.010486	-0.044948	-0.082848	-0.049515	0.038102	0.916677	0.033800	0.012374	0.032657	0.037089	0.059104	0.029704	0.046665	0.044586	0.049114	0.024775	0.050719	-0.016013	0.039152	
-0.079239	-0.039008	-0.077384	-0.081051	-0.076814	-0.036383	-0.033371	-0.045002	-0.021087	-0.085369	-0.076629	-0.097632	-0.092156	-0.017137	-0.032854	-0.071636	-0.038276	0.046008	0.033800	0.846369	0.015912	0.074386	0.043107	0.018437	0.040773	0.061234	0.059755	0.030742	0.033926	0.125890	-0.051047	0.035518	
-0.074446	-0.064429	-0.071209	-0.081548	-0.083472	-0.036906	-0.042792	-0.031261	-0.028335	-0.078895	-0.074958	-0.097093	-0.084764	-0.009775	-0.041620	-0.069790	-0.047732	0.058478	0.012374	0.015912	0.851511	0.085790	0.045759	0.016157	0.051911	0.083413	0.050174	0.037099	0.022361	0.062867	-0.041700	0.066506	
-0.058646	-0.063574	-0.078943	-0.089383	-0.088945	-0.039577	-0.033526	-0.021584	-0.017887	-0.088091	-0.094255	-0.096940	-0.083967	-0.010231	-0.046786	-0.083052	-0.052869	0.038080	0.032657	0.074386	0.085790	0.867696	0.042086	0.036814	0.052409	0.047786	0.059783	0.032359	0.022957	0.011107	-0.039791	0.061517	
-0.067468	-0.039319	-0.077796	-0.085807	-0.094238	-0.043947	-0.037898	-0.031331	-0.026069	-0.083437	-0.079431	-0.105320	-0.089063	-0.013796	-0.037103	-0.081213	-0.046304	0.049427	0.037089	0.043107	0.045759	0.042086	0.869023	0.077578	0.065762	0.056434	0.058957	0.052080	0.036958	0.076322	-0.014371	0.043593	
-0.091285	-0.034980	-0.071069	-0.095710	-0.083869	-0.033565	-0.024069	-0.041601	-0.024204	-0.094963	-0.090462	-0.108783	-0.091908	-0.023416	-0.043083	-0.080015	-0.052211	0.040416	0.059104	0.018437	0.016157	0.036814	0.077578	0.894874	0.057074	0.017389	0.040891	0.045041	0.026229	0.055954	-0.013339	0.050866	
-0.071303	-0.029307	-0.074183	-0.087437	-0.086645	-0.040462	-0.046382	-0.032474	-0.035879	-0.092288	-0.081873	-0.097387	-0.097684	-0.016539	-0.042808	-0.083151	-0.046868	0.039011	0.029704	0.040773	0.051911	0.052409	0.065762	0.057074	0.896266	0.051089	0.056218	0.042904	0.036267	0.043890	0.007155	0.041304	
-0.066924	-0.059728	-0.073514	-0.093081	-0.080113	-0.045743	-0.041989	-0.041770	-0.040147	-0.078260	-0.074756	-0.091013	-0.092319	-0.011450	-0.046649	-0.068208	-0.040838	0.047462	0.046665	0.061234	0.083413	0.047786	0.056434	0.017389	0.051089	0.818986	0.082355	0.047797	0.047168	0.062174	0.014758	0.045759	
-0.074924	-0.043417	-0.072360	-0.086057	-0.082922	-0.036040	-0.030689	-0.025124	-0.024296	-0.084900	-0.084188	-0.093214	-0.097168	-0.010974	-0.042082	-0.072479	-0.044413	0.047025	0.044586	0.059755	0.050174	0.059783	0.058957	0.040891	0.056218	0.082355	0.839493	0.047061	0.035634	0.067893	-0.020453	0.047783	
-0.072902	-0.057273	-0.076070	-0.093700	-0.087349	-0.038989	-0.038841	-0.031629	-0.028816	-0.093088	-0.086765	-0.101806	-0.094518	-0.018995	-0.045190	-0.080274	-0.047990	0.053349	0.049114	0.030742	0.037099	0.032359	0.052080	0.045041	0.042904	0.047797	0.047061	0.901126	0.025403	0.044404	-0.022426	0.064479	
-0.089012	-0.040770	-0.072793	-0.082435	-0.076119	-0.044849	-0.047859	-0.050771	-0.039533	-0.087373	-0.075676	-0.094246	-0.090394	-0.016797	-0.040837	-0.073860	-0.041274	0.049890	0.024775	0.033926	0.022361	0.022957	0.036958	0.026229	0.036267	0.047168	0.035634	0.025403	0.879689	0.008389	-0.022789	0.039061	
-0.074553	-0.065604	-0.073539	-0.085220	-0.081996	-0.035312	-0.043925	-0.038622	-0.034227	-0.077694	-0.079764	-0.096714	-0.092768	-0.027346	-0.039465	-0.073197	-0.046656	0.059317	0.050719	0.125890	0.062867	0.011107	0.076322	0.055954	0.043890	0.062174	0.067893	0.044404	0.008389	0.857831	-0.006096	0.072580	
0.002598	-0.138799	-0.004419	-0.001289	-0.007460	-0.148424	-0.152823	-0.150023	-0.146927	-0.006665	-0.011388	-0.019535	-0.020830	-0.138909	-0.007039	-0.005985	0.005667	-0.024538	-0.016013	-0.051047	-0.041700	-0.039791	-0.014371	-0.013339	0.007155	0.014758	-0.020453	-0.022426	-0.022789	-0.006096	0.853836	-0.027222	
-0.084497	-0.031648	-0.075157	-0.085636	-0.085687	-0.040174	-0.040224	-0.025568	-0.029857	-0.088430	-0.086990	-0.099409	-0.093078	-0.017340	-0.039007	-0.076913	-0.048617	0.055156	0.039152	0.035518	0.066506	0.061517	0.043593	0.050866	0.041304	0.045759	0.047783	0.064479	0.039061	0.072580	-0.027222	0.886880	
