0.930614	-0.171808	-0.015751	-0.011116	-0.010185	-0.185607	-0.188256	-0.176243	-0.177526	0.086864	-0.010906	0.022387	-0.010324	-0.161913	-0.037973	0.001064	-0.021704	-0.093908	
-0.171808	1.102330	-0.150173	-0.183941	-0.181746	0.253460	0.164827	0.100556	0.095492	-0.184380	-0.185268	-0.196657	-0.189921	0.059941	-0.143785	-0.178861	-0.155827	-0.041358	
-0.015751	-0.150173	0.951191	-0.007674	-0.002072	-0.148003	-0.149584	-0.150238	-0.149487	-0.017746	-0.006225	-0.029752	-0.025583	-0.137411	-0.029361	0.004464	-0.011973	-0.079297	
-0.011116	-0.183941	-0.007674	0.957787	0.078404	-0.188291	-0.187896	-0.180269	-0.178489	0.004193	0.002142	-0.016280	-0.011523	-0.162978	-0.020601	0.019823	-0.004139	-0.089251	
-0.010185	-0.181746	-0.002072	0.078404	0.963143	-0.186024	-0.187070	-0.180231	-0.177756	-0.009003	0.009301	-0.017999	-0.013901	-0.161924	-0.023576	0.015935	-0.004946	-0.087427	
-0.185607	0.253460	-0.148003	-0.188291	-0.186024	1.148276	0.226071	0.148278	0.140877	-0.187392	-0.183894	-0.198847	-0.190694	0.098925	-0.138293	-0.184348	-0.159259	-0.028200	
-0.188256	0.164827	-0.149584	-0.187896	-0.187070	0.226071	1.143948	0.160696	0.151718	-0.188118	-0.182463	-0.197701	-0.189741	0.104626	-0.138050	-0.184793	-0.159088	-0.028621	
-0.176243	0.100556	-0.150238	-0.180269	-0.180231	0.148278	0.160696	1.119763	0.180493	-0.180471	-0.174155	-0.193382	-0.183885	0.127194	-0.130999	-0.178441	-0.150585	-0.025287	
-0.177526	0.095492	-0.149487	-0.178489	-0.177756	0.140877	0.151718	0.180493	1.115670	-0.178344	-0.174135	-0.188917	-0.182347	0.127273	-0.126505	-0.177017	-0.147640	-0.022992	
0.086864	-0.184380	-0.017746	0.004193	-0.009003	-0.187392	-0.188118	-0.180471	-0.178344	0.963737	0.012726	0.065717	-0.005068	-0.163187	-0.030767	0.009987	-0.018139	-0.089233	
-0.010906	-0.185268	-0.006225	0.002142	0.009301	-0.183894	-0.182463	-0.174155	-0.174135	0.012726	0.950804	0.005462	0.022602	-0.156944	-0.025014	0.009514	-0.008084	-0.084313	
0.022387	-0.196657	-0.029752	-0.016280	-0.017999	-0.198847	-0.197701	-0.193382	-0.188917	0.065717	0.005462	0.988701	0.152949	-0.173386	-0.045601	-0.012217	-0.032434	-0.102222	
-0.010324	-0.189921	-0.025583	-0.011523	-0.013901	-0.190694	-0.189741	-0.183885	-0.182347	-0.005068	0.022602	0.152949	0.972981	-0.164362	-0.037974	-0.010666	-0.024854	-0.093182	
-0.161913	0.059941	-0.137411	-0.162978	-0.161924	0.098925	0.104626	0.127194	0.127273	-0.163187	-0.156944	-0.173386	-0.164362	1.083631	-0.101839	-0.158704	-0.128514	-0.009103	
-0.037973	-0.143785	-0.029361	-0.020601	-0.023576	-0.138293	-0.138050	-0.130999	-0.126505	-0.030767	-0.025014	-0.045601	-0.037974	-0.101839	0.880966	-0.010316	0.050119	-0.040961	
0.001064	-0.178861	0.004464	0.019823	0.015935	-0.184348	-0.184793	-0.178441	-0.177017	0.009987	0.009514	-0.012217	-0.010666	-0.158704	-0.010316	0.935699	0.012707	-0.075797	
-0.021704	-0.155827	-0.011973	-0.004139	-0.004946	-0.159259	-0.159088	-0.150585	-0.147640	-0.018139	-0.008084	-0.032434	-0.024854	-0.128514	0.050119	0.012707	0.863558	-0.050614	
-0.093908	-0.041358	-0.079297	-0.089251	-0.087427	-0.028200	-0.028621	-0.025287	-0.022992	-0.089233	-0.084313	-0.102222	-0.093182	-0.009103	-0.040961	-0.075797	-0.050614	0.918309	
