0.894128	0.220130	0.220424	0.217556	0.162219	0.162277	0.161944	0.160356	-0.124083	-0.123464	-0.126974	-0.119186	-0.112679	-0.116926	-0.122000	-0.232431	0.163711	-0.237401	-0.256892	-0.250718	-0.301632	-0.304712	-0.308606	0.214323	0.221549	0.213223	0.218967	0.167610	0.227825	-0.109816	-0.109151	-0.122281	-0.120474	-0.117738	-0.102836	-0.103920	0.220605	0.234622	-0.306396	-0.100116	-0.111451	-0.239455	0.167502	0.159863	-0.230139	0.175115	0.130502	-0.243687	0.175635	0.168577	0.140514	-0.236195	0.154640	0.167332	-0.244282	0.152138	0.155776	0.157585	-0.234948	0.145600	0.158602	-0.226470	-0.238212	0.159025	0.162502	0.175395	0.154153	-0.235747	-0.243340	-0.239620	-0.231526	0.198912	0.163055	0.147910	0.113533	0.143317	-0.251217	0.155256	0.117844	-0.216949	0.159099	0.167390	0.162856	0.152426	0.162722	0.213898	-0.245207	-0.235313	0.168017	-0.222315	
0.220130	0.890968	0.224489	0.216478	0.132826	0.133439	0.133875	0.138017	-0.118586	-0.119974	-0.122799	-0.116304	-0.112158	-0.115081	-0.120276	-0.233480	0.140807	-0.237740	-0.256789	-0.250243	-0.300236	-0.303236	-0.307323	0.281965	0.222641	0.249979	0.236219	0.147817	0.226497	-0.110210	-0.106509	-0.119752	-0.117963	-0.115974	-0.105298	-0.102122	0.219285	0.231341	-0.305406	-0.093143	-0.110455	-0.246987	0.153315	0.147178	-0.228990	0.192170	0.130312	-0.243580	0.166139	0.159515	0.139344	-0.238978	0.137733	0.158838	-0.243602	0.145333	0.149476	0.145479	-0.239829	0.137161	0.141512	-0.227760	-0.240683	0.151706	0.154224	0.153830	0.152277	-0.239731	-0.247262	-0.238494	-0.234995	0.173804	0.151751	0.139788	0.112273	0.181081	-0.251314	0.142990	0.105165	-0.221745	0.146372	0.158437	0.152207	0.140759	0.150436	0.203850	-0.244552	-0.240854	0.155909	-0.221554	
0.220424	0.224489	0.904049	0.254331	0.130124	0.131268	0.132386	0.135658	-0.119616	-0.119971	-0.125162	-0.118571	-0.109135	-0.112118	-0.118185	-0.231485	0.139762	-0.236220	-0.254477	-0.248308	-0.295523	-0.297349	-0.301859	0.224759	0.222712	0.217258	0.222501	0.146507	0.228851	-0.107598	-0.105192	-0.117826	-0.115332	-0.108995	-0.103220	-0.104283	0.225149	0.235267	-0.299455	-0.095421	-0.104938	-0.241281	0.152320	0.135591	-0.233393	0.185785	0.129640	-0.241542	0.164804	0.154892	0.129026	-0.235055	0.149527	0.153997	-0.242918	0.145533	0.152031	0.143953	-0.236783	0.131728	0.143853	-0.224027	-0.237618	0.150509	0.152135	0.151991	0.137662	-0.235490	-0.243607	-0.237797	-0.233051	0.202007	0.152521	0.132902	0.121892	0.159299	-0.248640	0.141258	0.089405	-0.207912	0.148902	0.153711	0.150847	0.143118	0.149039	0.209706	-0.239402	-0.231842	0.155275	-0.212310	
0.217556	0.216478	0.254331	0.892745	0.126876	0.126323	0.128416	0.131213	-0.114772	-0.117688	-0.117721	-0.112269	-0.110718	-0.108848	-0.115318	-0.227872	0.133971	-0.232045	-0.249702	-0.243840	-0.290740	-0.292696	-0.296425	0.210768	0.220952	0.210673	0.216981	0.141806	0.221113	-0.102055	-0.101877	-0.113657	-0.113391	-0.107411	-0.097797	-0.096866	0.215874	0.229002	-0.294623	-0.089892	-0.102748	-0.236609	0.146355	0.146967	-0.219282	0.183609	0.117071	-0.237766	0.161443	0.150911	0.122285	-0.225175	0.132585	0.152457	-0.234861	0.143531	0.151331	0.141706	-0.229990	0.137304	0.133865	-0.220590	-0.230891	0.150634	0.142687	0.155297	0.140928	-0.223860	-0.237599	-0.231777	-0.226592	0.189785	0.147147	0.136869	0.134939	0.175322	-0.240819	0.140221	0.085464	-0.212542	0.133281	0.151670	0.151405	0.129160	0.148278	0.201459	-0.236958	-0.238309	0.151108	-0.199473	
0.162219	0.132826	0.130124	0.126876	1.026485	0.482157	0.431879	0.391261	-0.163355	-0.162344	-0.168134	-0.161180	-0.155685	-0.159301	-0.163306	-0.211359	0.387114	-0.217228	-0.242912	-0.233829	-0.297084	-0.300665	-0.306036	0.131646	0.134488	0.129789	0.138753	0.358208	0.185100	-0.155293	-0.150735	-0.161809	-0.161550	-0.158256	-0.148102	-0.148094	0.124588	0.164290	-0.306017	-0.142351	-0.154765	-0.234492	0.216614	0.209275	-0.229765	0.129427	0.224761	-0.230092	0.234486	0.227046	0.185176	-0.227398	0.180850	0.214472	-0.232474	0.206256	0.212928	0.205968	-0.221881	0.216805	0.146820	-0.215557	-0.223886	0.212980	0.212913	0.223327	0.189267	-0.228453	-0.234310	-0.229575	-0.225784	0.155063	0.212901	0.195046	0.179051	0.204958	-0.235205	0.206633	0.135341	-0.208472	0.202724	0.221053	0.208413	0.204963	0.214898	0.140126	-0.236615	-0.237346	0.219949	-0.218082	
0.162277	0.133439	0.131268	0.126323	0.482157	0.999539	0.423794	0.386682	-0.161643	-0.160920	-0.166339	-0.160625	-0.153550	-0.157662	-0.161078	-0.209503	0.382190	-0.214974	-0.240832	-0.231294	-0.294854	-0.298870	-0.304412	0.131921	0.134831	0.129901	0.139265	0.354769	0.185072	-0.152900	-0.149424	-0.159323	-0.158952	-0.156343	-0.146556	-0.147390	0.125494	0.165700	-0.304264	-0.141034	-0.154029	-0.228480	0.209647	0.211694	-0.225642	0.124873	0.198214	-0.227590	0.234202	0.225404	0.181490	-0.226951	0.195680	0.217754	-0.232709	0.188622	0.212728	0.203382	-0.222513	0.216889	0.169044	-0.214433	-0.222626	0.212808	0.215978	0.221977	0.190047	-0.228192	-0.235740	-0.229039	-0.221182	0.161667	0.214492	0.186910	0.180086	0.218376	-0.233352	0.203835	0.160315	-0.210081	0.198118	0.221694	0.202819	0.203402	0.209825	0.135670	-0.234042	-0.236733	0.222280	-0.220998	
0.161944	0.133875	0.132386	0.128416	0.431879	0.423794	0.977951	0.388042	-0.160228	-0.159722	-0.164385	-0.158432	-0.151718	-0.156018	-0.160136	-0.207158	0.383258	-0.213023	-0.239036	-0.229420	-0.292707	-0.296954	-0.302162	0.133238	0.138571	0.132371	0.140485	0.358351	0.187842	-0.151776	-0.147657	-0.157614	-0.158234	-0.153918	-0.144612	-0.144730	0.127672	0.167708	-0.302048	-0.139103	-0.151618	-0.220322	0.206289	0.216303	-0.218801	0.140909	0.207466	-0.225729	0.234645	0.233223	0.186226	-0.223018	0.204172	0.226483	-0.224978	0.187564	0.212067	0.202629	-0.222742	0.220104	0.156847	-0.212423	-0.222263	0.214265	0.218931	0.229526	0.193255	-0.217841	-0.228887	-0.226455	-0.223482	0.155092	0.212625	0.198400	0.194549	0.223786	-0.232846	0.209010	0.134189	-0.202061	0.207989	0.218647	0.205206	0.207717	0.210084	0.140166	-0.232434	-0.230633	0.220223	-0.195926	
0.160356	0.138017	0.135658	0.131213	0.391261	0.386682	0.388042	0.967056	-0.157803	-0.158254	-0.162914	-0.156598	-0.149423	-0.154247	-0.157877	-0.207624	0.392156	-0.213371	-0.238555	-0.229215	-0.292636	-0.296879	-0.302202	0.136281	0.141161	0.134393	0.144165	0.364320	0.189882	-0.149067	-0.145505	-0.155547	-0.155129	-0.152256	-0.142746	-0.143684	0.129942	0.170803	-0.302091	-0.137157	-0.149423	-0.230942	0.216706	0.211837	-0.222104	0.147195	0.184534	-0.225355	0.233936	0.229138	0.188750	-0.225605	0.185189	0.222756	-0.231062	0.198079	0.205581	0.206544	-0.223356	0.208212	0.162160	-0.211692	-0.219485	0.221867	0.221708	0.216068	0.191904	-0.226703	-0.229383	-0.225665	-0.220363	0.157470	0.216294	0.191577	0.175696	0.196072	-0.232938	0.208969	0.164278	-0.201769	0.215373	0.221378	0.211976	0.220309	0.207242	0.142686	-0.230386	-0.233704	0.224724	-0.198149	
-0.124083	-0.118586	-0.119616	-0.114772	-0.163355	-0.161643	-0.160228	-0.157803	1.012612	0.071954	0.064638	0.065971	0.057787	0.058688	0.060075	0.009681	-0.157953	0.013869	0.038438	0.025963	0.093417	0.100582	0.111834	-0.122027	-0.117993	-0.125199	-0.128337	-0.154758	-0.134385	0.058221	0.056824	0.057070	0.056999	0.048350	0.043950	0.049790	-0.114133	-0.130446	0.113457	0.051907	0.050963	0.015967	-0.125624	-0.128173	0.026750	-0.112766	-0.130568	0.020950	-0.141798	-0.140223	-0.133771	0.028048	-0.127841	-0.139127	0.028260	-0.108699	-0.124933	-0.126141	0.034850	-0.123545	-0.108304	0.015887	0.020290	-0.133397	-0.135593	-0.140495	-0.121111	0.017757	0.031168	0.029422	0.019088	-0.123060	-0.135222	-0.127761	-0.107053	-0.117324	0.021879	-0.130386	-0.100129	0.019485	-0.125229	-0.137509	-0.135389	-0.131908	-0.133776	-0.128855	0.034330	0.032425	-0.137096	0.018064	
-0.123464	-0.119974	-0.119971	-0.117688	-0.162344	-0.160920	-0.159722	-0.158254	0.071954	1.012983	0.067933	0.067778	0.053817	0.062659	0.066138	0.006886	-0.157626	0.010727	0.036053	0.024237	0.094974	0.100308	0.110180	-0.121058	-0.122459	-0.122950	-0.124728	-0.155310	-0.132742	0.062734	0.052942	0.055742	0.057333	0.060543	0.044181	0.041663	-0.115639	-0.131120	0.114246	0.041486	0.054516	0.025379	-0.133679	-0.138664	0.027062	-0.090372	-0.115660	0.018394	-0.138251	-0.136798	-0.116027	0.021594	-0.132200	-0.126952	0.023046	-0.136915	-0.130072	-0.121692	0.028563	-0.135819	-0.122846	0.014880	0.021188	-0.127815	-0.132137	-0.138302	-0.117662	0.015472	0.029465	0.031568	0.023080	-0.119109	-0.135281	-0.122543	-0.112182	-0.131304	0.024965	-0.124464	-0.119898	0.011819	-0.123945	-0.135357	-0.130739	-0.124813	-0.131162	-0.123147	0.029976	0.026901	-0.133449	0.016633	
-0.126974	-0.122799	-0.125162	-0.117721	-0.168134	-0.166339	-0.164385	-0.162914	0.064638	0.067933	1.012944	0.067523	0.061867	0.062206	0.058283	0.005696	-0.162091	0.010467	0.037416	0.024656	0.099586	0.105962	0.122778	-0.124076	-0.125031	-0.126103	-0.132327	-0.160923	-0.138952	0.056445	0.060760	0.065976	0.057477	0.064560	0.054118	0.053476	-0.119819	-0.135524	0.125125	0.048464	0.059550	0.021095	-0.131204	-0.137813	0.032588	-0.106536	-0.116910	0.017124	-0.144370	-0.141084	-0.123685	0.028391	-0.128968	-0.138420	0.030178	-0.124008	-0.128994	-0.126264	0.026189	-0.117278	-0.112918	0.017773	0.021506	-0.135530	-0.136138	-0.142347	-0.125411	0.030090	0.028699	0.030762	0.022791	-0.119460	-0.137580	-0.125050	-0.122972	-0.149512	0.028582	-0.128152	-0.096241	0.016070	-0.128866	-0.141309	-0.137574	-0.126530	-0.136329	-0.128817	0.029710	0.037683	-0.136845	0.016448	
-0.119186	-0.116304	-0.118571	-0.112269	-0.161180	-0.160625	-0.158432	-0.156598	0.065971	0.067778	0.067523	1.003391	0.060732	0.059305	0.058312	-0.000953	-0.156818	0.002647	0.030497	0.017609	0.089595	0.092524	0.104891	-0.120760	-0.116399	-0.122384	-0.124295	-0.154738	-0.131171	0.054460	0.055484	0.060705	0.060796	0.064493	0.055028	0.051527	-0.112779	-0.128044	0.112244	0.044812	0.058496	0.017320	-0.120766	-0.130132	0.031744	-0.123360	-0.111352	0.014814	-0.135283	-0.135591	-0.111949	0.026340	-0.119657	-0.132029	0.017993	-0.112436	-0.121573	-0.121728	0.026346	-0.122862	-0.108169	0.012062	0.014285	-0.130609	-0.128381	-0.134270	-0.112766	0.010892	0.020096	0.024746	0.020568	-0.127609	-0.132632	-0.119972	-0.123554	-0.131794	0.017768	-0.123567	-0.114717	0.006816	-0.116772	-0.132998	-0.131520	-0.119439	-0.128413	-0.124697	0.021933	0.020601	-0.127499	0.012548	
-0.112679	-0.112158	-0.109135	-0.110718	-0.155685	-0.153550	-0.151718	-0.149423	0.057787	0.053817	0.061867	0.060732	1.007709	0.055384	0.058430	-0.004702	-0.149920	0.000751	0.024287	0.013722	0.077844	0.088044	0.100255	-0.111354	-0.113164	-0.111805	-0.116664	-0.147462	-0.123541	0.047270	0.048464	0.059648	0.059839	0.056469	0.052259	0.053399	-0.106041	-0.120244	0.102544	0.040934	0.046824	0.006308	-0.120863	-0.113135	0.016153	-0.123035	-0.131571	0.007477	-0.130841	-0.132627	-0.102469	0.015152	-0.114822	-0.116657	0.025951	-0.119749	-0.123912	-0.115093	0.007549	-0.113475	-0.093164	0.005311	0.008282	-0.119290	-0.125887	-0.132185	-0.113808	0.013957	0.015368	0.018861	0.016683	-0.128148	-0.121995	-0.118746	-0.141267	-0.125406	0.010986	-0.116985	-0.088237	0.007566	-0.112071	-0.127452	-0.129167	-0.123968	-0.118666	-0.117186	0.016327	0.010851	-0.124550	0.037972	
-0.116926	-0.115081	-0.112118	-0.108848	-0.159301	-0.157662	-0.156018	-0.154247	0.058688	0.062659	0.062206	0.059305	0.055384	1.016513	0.057775	-0.000179	-0.152721	0.004139	0.028389	0.017083	0.088184	0.097194	0.107158	-0.116370	-0.115629	-0.116862	-0.120162	-0.151117	-0.127023	0.057734	0.045954	0.058856	0.052707	0.051301	0.045394	0.045635	-0.105625	-0.123902	0.112833	0.041129	0.052066	0.017540	-0.126680	-0.128096	0.022535	-0.112107	-0.120676	0.012064	-0.135269	-0.137294	-0.116500	0.020105	-0.119078	-0.127732	0.017140	-0.122421	-0.122848	-0.118819	0.022456	-0.103650	-0.131846	0.007490	0.013381	-0.129525	-0.130371	-0.134541	-0.116606	0.005867	0.020809	0.024461	0.017907	-0.105549	-0.129292	-0.126904	-0.101682	-0.146130	0.018508	-0.122209	-0.135891	0.015058	-0.122682	-0.132957	-0.125606	-0.122848	-0.128896	-0.121814	0.023009	0.022462	-0.130001	0.013416	
-0.122000	-0.120276	-0.118185	-0.115318	-0.163306	-0.161078	-0.160136	-0.157877	0.060075	0.066138	0.058283	0.058312	0.058430	0.057775	1.016619	0.003802	-0.157596	0.009289	0.036032	0.021765	0.095964	0.095693	0.111187	-0.118193	-0.122241	-0.120958	-0.123641	-0.155795	-0.132452	0.057719	0.059456	0.057098	0.066190	0.062986	0.047246	0.046992	-0.115938	-0.127147	0.112827	0.045749	0.053136	0.013644	-0.133131	-0.131286	0.030475	-0.115104	-0.116327	0.017757	-0.137916	-0.136679	-0.119674	0.028630	-0.118742	-0.124958	0.017883	-0.119380	-0.130648	-0.122934	0.026001	-0.118832	-0.109198	0.018734	0.018622	-0.134250	-0.130202	-0.137462	-0.117966	0.016051	0.024139	0.028479	0.021775	-0.125829	-0.136906	-0.126130	-0.130717	-0.139160	0.028408	-0.125944	-0.118615	0.002095	-0.116508	-0.134054	-0.130848	-0.121523	-0.127768	-0.120462	0.028739	0.034791	-0.134467	-0.002824	
-0.232431	-0.233480	-0.231485	-0.227872	-0.211359	-0.209503	-0.207158	-0.207624	0.009681	0.006886	0.005696	-0.000953	-0.004702	-0.000179	0.003802	1.168716	-0.208393	0.605902	0.460696	0.519591	0.276772	0.264112	0.221552	-0.232576	-0.231037	-0.232116	-0.233156	-0.209754	-0.236223	-0.007729	-0.009990	-0.001381	-0.002600	-0.003548	-0.009669	-0.009871	-0.229105	-0.237024	0.212439	-0.010756	-0.007355	0.427679	-0.210641	-0.198933	0.376678	-0.218667	-0.201838	0.449682	-0.211694	-0.211345	-0.173443	0.387935	-0.196195	-0.206221	0.402961	-0.185482	-0.201808	-0.197106	0.374923	-0.196922	-0.180564	0.392901	0.412770	-0.206597	-0.207925	-0.216373	-0.197465	0.393612	0.389689	0.396710	0.395056	-0.223009	-0.206151	-0.196183	-0.154233	-0.213039	0.414808	-0.195327	-0.168567	0.350673	-0.197937	-0.211848	-0.207536	-0.198979	-0.203431	-0.227852	0.395828	0.380163	-0.208986	0.347511	
0.163711	0.140807	0.139762	0.133971	0.387114	0.382190	0.383258	0.392156	-0.157953	-0.157626	-0.162091	-0.156818	-0.149920	-0.152721	-0.157596	-0.208393	0.957955	-0.213752	-0.239725	-0.230600	-0.293430	-0.297177	-0.302464	0.139223	0.143103	0.137329	0.146089	0.364042	0.194823	-0.149049	-0.145380	-0.155630	-0.156288	-0.152316	-0.142029	-0.142736	0.134271	0.175071	-0.302589	-0.136578	-0.148246	-0.221229	0.211978	0.214780	-0.227001	0.125240	0.210348	-0.226302	0.237909	0.229193	0.181968	-0.224572	0.193167	0.213118	-0.226995	0.207849	0.224198	0.211268	-0.227776	0.196037	0.173920	-0.214149	-0.220869	0.225430	0.224604	0.231268	0.200582	-0.214786	-0.232597	-0.227330	-0.221262	0.163384	0.216619	0.195308	0.189228	0.214890	-0.232419	0.210894	0.164216	-0.204017	0.208858	0.224804	0.209696	0.201775	0.214436	0.147522	-0.233002	-0.236232	0.225959	-0.218592	
-0.237401	-0.237740	-0.236220	-0.232045	-0.217228	-0.214974	-0.213023	-0.213371	0.013869	0.010727	0.010467	0.002647	0.000751	0.004139	0.009289	0.605902	-0.213752	1.155658	0.458450	0.516657	0.286831	0.267823	0.233796	-0.236214	-0.235232	-0.236512	-0.237366	-0.215418	-0.240974	-0.003651	-0.005417	0.004271	0.001767	0.000281	-0.004854	-0.005784	-0.232917	-0.242191	0.218752	-0.006043	-0.002027	0.398941	-0.212202	-0.203732	0.352571	-0.221998	-0.196463	0.442747	-0.216164	-0.214396	-0.181451	0.392094	-0.198983	-0.218352	0.403211	-0.206505	-0.201188	-0.200142	0.360802	-0.201567	-0.190767	0.393455	0.406569	-0.209918	-0.208224	-0.219598	-0.204094	0.365832	0.389910	0.395106	0.386208	-0.228433	-0.209702	-0.197494	-0.146107	-0.199724	0.414742	-0.199231	-0.175140	0.356490	-0.205438	-0.215110	-0.214416	-0.209095	-0.204982	-0.235091	0.383594	0.381216	-0.211500	0.344434	
-0.256892	-0.256789	-0.254477	-0.249702	-0.242912	-0.240832	-0.239036	-0.238555	0.038438	0.036053	0.037416	0.030497	0.024287	0.028389	0.036032	0.460696	-0.239725	0.458450	1.128277	0.458146	0.335224	0.321706	0.292411	-0.255334	-0.253784	-0.254533	-0.256711	-0.241250	-0.264583	0.021881	0.018354	0.028224	0.030746	0.024544	0.019027	0.017858	-0.249802	-0.264173	0.285442	0.017612	0.023396	0.372743	-0.228116	-0.223409	0.330066	-0.205988	-0.207067	0.395052	-0.239071	-0.236057	-0.197681	0.370359	-0.217972	-0.227734	0.371833	-0.211572	-0.224531	-0.219565	0.352239	-0.221177	-0.199996	0.357760	0.373564	-0.228867	-0.229974	-0.242689	-0.214846	0.319360	0.375069	0.369261	0.358757	-0.241021	-0.230187	-0.218490	-0.186444	-0.229980	0.400503	-0.219819	-0.184715	0.318206	-0.217779	-0.233212	-0.228748	-0.222502	-0.226572	-0.250381	0.366959	0.352309	-0.230583	0.325119	
-0.250718	-0.250243	-0.248308	-0.243840	-0.233829	-0.231294	-0.229420	-0.229215	0.025963	0.024237	0.024656	0.017609	0.013722	0.017083	0.021765	0.519591	-0.230600	0.516657	0.458146	1.172299	0.314323	0.299109	0.266280	-0.249042	-0.247795	-0.248418	-0.250447	-0.231698	-0.256058	0.009402	0.005981	0.015524	0.014741	0.012326	0.005445	0.005637	-0.245638	-0.256325	0.254863	0.003992	0.008480	0.395073	-0.225170	-0.217365	0.357735	-0.230855	-0.217563	0.431742	-0.230506	-0.230020	-0.194740	0.378918	-0.212412	-0.224872	0.393928	-0.219882	-0.217636	-0.214670	0.360017	-0.214099	-0.188754	0.389558	0.398947	-0.220561	-0.224762	-0.235019	-0.215302	0.363523	0.390732	0.388359	0.374115	-0.239572	-0.223794	-0.213394	-0.170870	-0.218501	0.407455	-0.211730	-0.170048	0.329788	-0.218498	-0.229336	-0.225156	-0.221787	-0.221315	-0.244020	0.378034	0.374218	-0.224026	0.307140	
-0.301632	-0.300236	-0.295523	-0.290740	-0.297084	-0.294854	-0.292707	-0.292636	0.093417	0.094974	0.099586	0.089595	0.077844	0.088184	0.095964	0.276772	-0.293430	0.286831	0.335224	0.314323	1.204571	0.447562	0.441217	-0.297312	-0.296760	-0.297863	-0.301082	-0.294751	-0.315931	0.074753	0.074994	0.089076	0.088276	0.084494	0.072638	0.072991	-0.292606	-0.315976	0.433193	0.064946	0.077217	0.262110	-0.275438	-0.272940	0.259232	-0.279348	-0.267522	0.275390	-0.289161	-0.284439	-0.253632	0.262721	-0.268387	-0.286669	0.263030	-0.259513	-0.272485	-0.264985	0.273882	-0.264597	-0.252273	0.249948	0.269367	-0.272584	-0.278514	-0.286486	-0.258304	0.231656	0.280832	0.275779	0.272022	-0.287627	-0.277763	-0.261579	-0.241512	-0.273794	0.283664	-0.263966	-0.213522	0.220540	-0.268369	-0.281398	-0.275931	-0.269329	-0.275913	-0.301031	0.272925	0.265782	-0.279755	0.234993	
-0.304712	-0.303236	-0.297349	-0.292696	-0.300665	-0.298870	-0.296954	-0.296879	0.100582	0.100308	0.105962	0.092524	0.088044	0.097194	0.095693	0.264112	-0.297177	0.267823	0.321706	0.299109	0.447562	1.205097	0.455004	-0.299479	-0.299602	-0.300897	-0.303405	-0.298546	-0.319733	0.082099	0.079481	0.095855	0.094349	0.089057	0.077443	0.076450	-0.295698	-0.320349	0.452796	0.069838	0.082681	0.251513	-0.276698	-0.274431	0.252958	-0.281342	-0.264423	0.268987	-0.292210	-0.287703	-0.251315	0.254188	-0.259052	-0.285153	0.252375	-0.268872	-0.274544	-0.267893	0.255228	-0.264219	-0.250519	0.237196	0.262407	-0.279673	-0.280338	-0.287770	-0.265900	0.246372	0.261535	0.266032	0.252930	-0.286480	-0.279319	-0.265195	-0.227671	-0.282179	0.276514	-0.267717	-0.232325	0.215500	-0.274000	-0.284297	-0.276386	-0.278450	-0.274789	-0.301457	0.268220	0.259607	-0.283631	0.223068	
-0.308606	-0.307323	-0.301859	-0.296425	-0.306036	-0.304412	-0.302162	-0.302202	0.111834	0.110180	0.122778	0.104891	0.100255	0.107158	0.111187	0.221552	-0.302464	0.233796	0.292411	0.266280	0.441217	0.455004	1.217518	-0.302894	-0.302578	-0.303599	-0.307754	-0.304199	-0.324956	0.094709	0.088516	0.108998	0.107916	0.101948	0.091016	0.089965	-0.298091	-0.325577	0.478275	0.080775	0.096212	0.232765	-0.283811	-0.282158	0.216586	-0.274519	-0.263887	0.237086	-0.297436	-0.291492	-0.257721	0.231452	-0.270694	-0.286187	0.229652	-0.272611	-0.274921	-0.271565	0.234822	-0.262882	-0.259766	0.217415	0.232353	-0.282820	-0.284646	-0.294774	-0.265332	0.235831	0.244869	0.239646	0.231642	-0.306590	-0.281626	-0.266124	-0.254265	-0.296597	0.253166	-0.270428	-0.231162	0.195792	-0.278038	-0.288757	-0.278582	-0.272545	-0.283533	-0.305982	0.245201	0.232413	-0.287431	0.199781	
0.214323	0.281965	0.224759	0.210768	0.131646	0.131921	0.133238	0.136281	-0.122027	-0.121058	-0.124076	-0.120760	-0.111354	-0.116370	-0.118193	-0.232576	0.139223	-0.236214	-0.255334	-0.249042	-0.297312	-0.299479	-0.302894	0.900276	0.228913	0.261098	0.228875	0.147073	0.222793	-0.110395	-0.106025	-0.119393	-0.118481	-0.115695	-0.103527	-0.105677	0.218574	0.226591	-0.302586	-0.094244	-0.110148	-0.239725	0.156408	0.149173	-0.234769	0.174941	0.121629	-0.242029	0.164205	0.160280	0.128167	-0.233632	0.130551	0.152720	-0.236376	0.157310	0.147321	0.147539	-0.240950	0.129276	0.149466	-0.222985	-0.237050	0.146959	0.151057	0.151969	0.144391	-0.237465	-0.242171	-0.237466	-0.234105	0.187820	0.146762	0.139377	0.095566	0.158756	-0.248960	0.142352	0.116987	-0.212520	0.148172	0.150967	0.150005	0.144252	0.153535	0.200388	-0.244291	-0.243407	0.155890	-0.217743	
0.221549	0.222641	0.222712	0.220952	0.134488	0.134831	0.138571	0.141161	-0.117993	-0.122459	-0.125031	-0.116399	-0.113164	-0.115629	-0.122241	-0.231037	0.143103	-0.235232	-0.253784	-0.247795	-0.296760	-0.299602	-0.302578	0.228913	0.891237	0.230494	0.242609	0.151570	0.226763	-0.107282	-0.105298	-0.117392	-0.111627	-0.112002	-0.103300	-0.101337	0.220556	0.234281	-0.301681	-0.095376	-0.109591	-0.242661	0.150993	0.152659	-0.230115	0.215599	0.131404	-0.240613	0.169971	0.165222	0.144506	-0.235880	0.151444	0.162347	-0.239134	0.169125	0.155720	0.150995	-0.235319	0.131715	0.137709	-0.224243	-0.237890	0.146964	0.159867	0.159369	0.144682	-0.228578	-0.245111	-0.237731	-0.232587	0.194284	0.157132	0.147177	0.125182	0.156495	-0.251625	0.145310	0.132967	-0.221879	0.148508	0.161266	0.157814	0.147324	0.157645	0.209851	-0.243171	-0.242889	0.158559	-0.198332	
0.213223	0.249979	0.217258	0.210673	0.129789	0.129901	0.132371	0.134393	-0.125199	-0.122950	-0.126103	-0.122384	-0.111805	-0.116862	-0.120958	-0.232116	0.137329	-0.236512	-0.254533	-0.248418	-0.297863	-0.300897	-0.303599	0.261098	0.230494	0.901644	0.316037	0.145162	0.220122	-0.114620	-0.107701	-0.118944	-0.118573	-0.115644	-0.103733	-0.108993	0.212331	0.224236	-0.301896	-0.097967	-0.111655	-0.241061	0.143957	0.151883	-0.232970	0.195434	0.136494	-0.241411	0.162058	0.158276	0.126247	-0.236348	0.150395	0.154623	-0.239553	0.128410	0.148416	0.143427	-0.239798	0.134412	0.147462	-0.224037	-0.238886	0.145300	0.145958	0.151483	0.142222	-0.240435	-0.245371	-0.238037	-0.233569	0.185399	0.148137	0.137973	0.113700	0.153972	-0.251080	0.144361	0.115736	-0.217356	0.145277	0.154034	0.149233	0.136969	0.150694	0.204377	-0.239424	-0.241671	0.157195	-0.221661	
0.218967	0.236219	0.222501	0.216981	0.138753	0.139265	0.140485	0.144165	-0.128337	-0.124728	-0.132327	-0.124295	-0.116664	-0.120162	-0.123641	-0.233156	0.146089	-0.237366	-0.256711	-0.250447	-0.301082	-0.303405	-0.307754	0.228875	0.242609	0.316037	0.901282	0.154533	0.228271	-0.111045	-0.110485	-0.122011	-0.123167	-0.116539	-0.106046	-0.108746	0.216750	0.231742	-0.305786	-0.101297	-0.115377	-0.238505	0.160030	0.150722	-0.238260	0.181590	0.135962	-0.244570	0.171380	0.163084	0.132699	-0.236277	0.147319	0.167935	-0.241346	0.149591	0.153570	0.152613	-0.239496	0.139268	0.148010	-0.227203	-0.240718	0.162002	0.158332	0.165982	0.142379	-0.226666	-0.245339	-0.239489	-0.234251	0.193503	0.155738	0.143642	0.128439	0.165059	-0.249385	0.143491	0.129934	-0.213872	0.144857	0.162852	0.155028	0.165914	0.157126	0.207281	-0.244984	-0.241754	0.162460	-0.223438	
0.167610	0.147817	0.146507	0.141806	0.358208	0.354769	0.358351	0.364320	-0.154758	-0.155310	-0.160923	-0.154738	-0.147462	-0.151117	-0.155795	-0.209754	0.364042	-0.215418	-0.241250	-0.231698	-0.294751	-0.298546	-0.304199	0.147073	0.151570	0.145162	0.154533	0.954173	0.206062	-0.146839	-0.142680	-0.152843	-0.153954	-0.149960	-0.139785	-0.140461	0.142014	0.183488	-0.303973	-0.133687	-0.147304	-0.229841	0.213047	0.216322	-0.225830	0.137858	0.189153	-0.229264	0.242843	0.237451	0.189258	-0.228258	0.209080	0.228650	-0.231276	0.247221	0.218957	0.216601	-0.226756	0.225629	0.174678	-0.212941	-0.222461	0.226238	0.226016	0.226526	0.199124	-0.221229	-0.231890	-0.227747	-0.217758	0.163496	0.226847	0.207865	0.178223	0.225417	-0.234288	0.218240	0.135602	-0.206080	0.206740	0.227797	0.223069	0.232244	0.213522	0.150130	-0.234339	-0.227446	0.229883	-0.198941	
0.227825	0.226497	0.228851	0.221113	0.185100	0.185072	0.187842	0.189882	-0.134385	-0.132742	-0.138952	-0.131171	-0.123541	-0.127023	-0.132452	-0.236223	0.194823	-0.240974	-0.264583	-0.256058	-0.315931	-0.319733	-0.324956	0.222793	0.226763	0.220122	0.228271	0.206062	0.843717	-0.122643	-0.117200	-0.130002	-0.129868	-0.127090	-0.113448	-0.113629	0.227656	0.284439	-0.323173	-0.106856	-0.123186	-0.248185	0.202183	0.193693	-0.242611	0.182782	0.223598	-0.249387	0.213478	0.207263	0.169284	-0.245183	0.188250	0.209990	-0.246007	0.191091	0.199554	0.188508	-0.243592	0.185992	0.188975	-0.231273	-0.243587	0.193382	0.205094	0.203494	0.183239	-0.234361	-0.252395	-0.246080	-0.241003	0.212220	0.199575	0.180307	0.151866	0.196926	-0.256332	0.187483	0.139898	-0.220887	0.193583	0.202248	0.198235	0.187086	0.198698	0.223149	-0.251113	-0.248095	0.204427	-0.187742	
-0.109816	-0.110210	-0.107598	-0.102055	-0.155293	-0.152900	-0.151776	-0.149067	0.058221	0.062734	0.056445	0.054460	0.047270	0.057734	0.057719	-0.007729	-0.149049	-0.003651	0.021881	0.009402	0.074753	0.082099	0.094709	-0.110395	-0.107282	-0.114620	-0.111045	-0.146839	-0.122643	0.996362	0.045174	0.061299	0.070581	0.055997	0.043075	0.052598	-0.103751	-0.115896	0.099656	0.040853	0.055937	0.013854	-0.120050	-0.128860	0.020902	-0.095694	-0.108113	0.004874	-0.128204	-0.124368	-0.103631	0.009439	-0.121499	-0.121425	0.016535	-0.103179	-0.112657	-0.112283	0.012533	-0.119872	-0.101091	0.003907	0.009798	-0.117105	-0.119202	-0.122037	-0.107409	0.010746	0.011093	0.014595	0.008715	-0.121085	-0.119487	-0.110581	-0.119149	-0.139892	0.009382	-0.113087	-0.089191	0.006630	-0.116045	-0.125164	-0.118874	-0.116647	-0.119247	-0.107314	0.016245	0.017649	-0.124719	-0.004215	
-0.109151	-0.106509	-0.105192	-0.101877	-0.150735	-0.149424	-0.147657	-0.145505	0.056824	0.052942	0.060760	0.055484	0.048464	0.045954	0.059456	-0.009990	-0.145380	-0.005417	0.018354	0.005981	0.074994	0.079481	0.088516	-0.106025	-0.105298	-0.107701	-0.110485	-0.142680	-0.117200	0.045174	0.996186	0.059926	0.053539	0.055002	0.042758	0.045178	-0.098527	-0.112876	0.092782	0.047351	0.059003	0.009166	-0.111714	-0.114037	0.000751	-0.095011	-0.106749	0.001224	-0.122481	-0.121157	-0.107703	0.004614	-0.107565	-0.119160	0.012635	-0.121449	-0.114742	-0.108552	0.016298	-0.095996	-0.097878	-0.001793	0.004474	-0.113886	-0.112220	-0.115190	-0.109076	0.001977	0.012840	0.011095	0.009811	-0.110720	-0.117047	-0.101973	-0.111710	-0.122115	0.003187	-0.106824	-0.099701	0.007430	-0.114791	-0.119725	-0.113791	-0.105499	-0.116113	-0.107933	0.011893	0.017926	-0.117689	0.006140	
-0.122281	-0.119752	-0.117826	-0.113657	-0.161809	-0.159323	-0.157614	-0.155547	0.057070	0.055742	0.065976	0.060705	0.059648	0.058856	0.057098	-0.001381	-0.155630	0.004271	0.028224	0.015524	0.089076	0.095855	0.108998	-0.119393	-0.117392	-0.118944	-0.122011	-0.152843	-0.130002	0.061299	0.059926	1.004830	0.057583	0.062546	0.056161	0.054996	-0.112383	-0.126898	0.113317	0.047410	0.055937	0.009939	-0.123197	-0.125527	0.033340	-0.099858	-0.111048	0.014363	-0.135173	-0.133700	-0.111331	0.016333	-0.109971	-0.126195	0.014744	-0.121085	-0.123515	-0.115540	0.023120	-0.108556	-0.117449	0.011666	0.013436	-0.122326	-0.126068	-0.134527	-0.114530	0.021664	0.026208	0.026574	0.013302	-0.123459	-0.127744	-0.118867	-0.100975	-0.121840	0.019256	-0.119325	-0.108034	0.011947	-0.120465	-0.133449	-0.126336	-0.128399	-0.127085	-0.119253	0.030039	0.022587	-0.130294	0.023814	
-0.120474	-0.117963	-0.115332	-0.113391	-0.161550	-0.158952	-0.158234	-0.155129	0.056999	0.057333	0.057477	0.060796	0.059839	0.052707	0.066190	-0.002600	-0.156288	0.001767	0.030746	0.014741	0.088276	0.094349	0.107916	-0.118481	-0.111627	-0.118573	-0.123167	-0.153954	-0.129868	0.070581	0.053539	0.057583	1.000953	0.065404	0.056173	0.059982	-0.110796	-0.126433	0.108435	0.040908	0.054268	0.015811	-0.123924	-0.125527	0.032170	-0.106527	-0.127735	0.014382	-0.132781	-0.130238	-0.106188	0.022995	-0.117824	-0.130152	0.014743	-0.112199	-0.120025	-0.110228	0.027758	-0.130946	-0.090192	0.009121	0.016479	-0.125248	-0.128036	-0.125965	-0.111344	0.023261	0.027060	0.026721	0.015907	-0.124415	-0.124082	-0.114416	-0.106166	-0.133399	0.018940	-0.116855	-0.085618	0.009580	-0.123043	-0.127046	-0.118119	-0.118680	-0.123962	-0.117370	0.027556	0.039885	-0.127967	0.015588	
-0.117738	-0.115974	-0.108995	-0.107411	-0.158256	-0.156343	-0.153918	-0.152256	0.048350	0.060543	0.064560	0.064493	0.056469	0.051301	0.062986	-0.003548	-0.152316	0.000281	0.024544	0.012326	0.084494	0.089057	0.101948	-0.115695	-0.112002	-0.115644	-0.116539	-0.149960	-0.127090	0.055997	0.055002	0.062546	0.065404	1.002002	0.053952	0.040989	-0.105621	-0.123464	0.108403	0.037549	0.057463	0.014013	-0.127783	-0.132017	0.009359	-0.090922	-0.111015	0.009971	-0.133363	-0.130639	-0.116801	0.016629	-0.121312	-0.124649	0.007960	-0.121172	-0.118435	-0.119859	0.024177	-0.117330	-0.112471	0.010141	0.010022	-0.124802	-0.128890	-0.130098	-0.104081	0.003023	0.019315	0.021428	0.011750	-0.115332	-0.125894	-0.117083	-0.098954	-0.146411	0.012545	-0.116253	-0.116009	0.015312	-0.123856	-0.126494	-0.124597	-0.129473	-0.120572	-0.119453	0.022038	0.024973	-0.128909	0.016081	
-0.102836	-0.105298	-0.103220	-0.097797	-0.148102	-0.146556	-0.144612	-0.142746	0.043950	0.044181	0.054118	0.055028	0.052259	0.045394	0.047246	-0.009669	-0.142029	-0.004854	0.019027	0.005445	0.072638	0.077443	0.091016	-0.103527	-0.103300	-0.103733	-0.106046	-0.139785	-0.113448	0.043075	0.042758	0.056161	0.056173	0.053952	0.995597	0.047313	-0.095496	-0.109600	0.090943	0.036811	0.055265	-0.001388	-0.112150	-0.106228	0.020736	-0.113617	-0.092635	0.001419	-0.118831	-0.116644	-0.101651	0.012445	-0.111004	-0.112718	0.011539	-0.098281	-0.106477	-0.104708	0.011085	-0.102327	-0.095797	-0.000971	0.004919	-0.109707	-0.113222	-0.122360	-0.102322	0.007428	0.013666	0.018218	0.009572	-0.106187	-0.113492	-0.108653	-0.095206	-0.098036	0.009239	-0.105605	-0.086771	0.003670	-0.109231	-0.112856	-0.113505	-0.113624	-0.108982	-0.106828	0.014690	0.018232	-0.114532	0.022609	
-0.103920	-0.102122	-0.104283	-0.096866	-0.148094	-0.147390	-0.144730	-0.143684	0.049790	0.041663	0.053476	0.051527	0.053399	0.045635	0.046992	-0.009871	-0.142736	-0.005784	0.017858	0.005637	0.072991	0.076450	0.089965	-0.105677	-0.101337	-0.108993	-0.108746	-0.140461	-0.113629	0.052598	0.045178	0.054996	0.059982	0.040989	0.047313	0.996523	-0.095473	-0.109062	0.092203	0.045389	0.056678	0.021788	-0.109818	-0.107511	0.003781	-0.091900	-0.110723	0.003394	-0.121033	-0.117002	-0.102573	0.007956	-0.115062	-0.110226	0.009948	-0.110605	-0.110110	-0.103154	0.020144	-0.101824	-0.117949	-0.001328	0.005130	-0.117883	-0.112869	-0.117251	-0.097672	0.005109	0.010393	0.015676	0.007402	-0.107207	-0.114728	-0.105803	-0.110245	-0.100038	0.011066	-0.107075	-0.094090	0.009980	-0.111350	-0.117828	-0.119904	-0.112939	-0.114712	-0.102861	0.010944	0.008284	-0.117410	0.021016	
0.220605	0.219285	0.225149	0.215874	0.124588	0.125494	0.127672	0.129942	-0.114133	-0.115639	-0.119819	-0.112779	-0.106041	-0.105625	-0.115938	-0.229105	0.134271	-0.232917	-0.249802	-0.245638	-0.292606	-0.295698	-0.298091	0.218574	0.220556	0.212331	0.216750	0.142014	0.227656	-0.103751	-0.098527	-0.112383	-0.110796	-0.105621	-0.095496	-0.095473	0.876852	0.239396	-0.293493	-0.085173	-0.101109	-0.226372	0.151247	0.139665	-0.240152	0.159908	0.141721	-0.237546	0.166517	0.159382	0.137561	-0.228810	0.142046	0.162105	-0.233792	0.149770	0.151812	0.146076	-0.233098	0.143482	0.139530	-0.218955	-0.233736	0.142508	0.149841	0.161149	0.143294	-0.224160	-0.237190	-0.230827	-0.226540	0.185700	0.146403	0.141435	0.110089	0.152267	-0.244153	0.145062	0.105276	-0.205597	0.147094	0.153548	0.152377	0.152109	0.154936	0.198148	-0.240493	-0.230221	0.157396	-0.203373	
0.234622	0.231341	0.235267	0.229002	0.164290	0.165700	0.167708	0.170803	-0.130446	-0.131120	-0.135524	-0.128044	-0.120244	-0.123902	-0.127147	-0.237024	0.175071	-0.242191	-0.264173	-0.256325	-0.315976	-0.320349	-0.325577	0.226591	0.234281	0.224236	0.231742	0.183488	0.284439	-0.115896	-0.112876	-0.126898	-0.126433	-0.123464	-0.109600	-0.109062	0.239396	0.846515	-0.321659	-0.101957	-0.115346	-0.240576	0.192085	0.190440	-0.230148	0.187417	0.170522	-0.247556	0.208028	0.201835	0.162792	-0.243826	0.172755	0.200321	-0.249079	0.183190	0.191130	0.182000	-0.240640	0.190577	0.178662	-0.228453	-0.243978	0.188084	0.194246	0.199682	0.183144	-0.241977	-0.249764	-0.244562	-0.241158	0.205842	0.192540	0.178790	0.148298	0.210123	-0.254949	0.182382	0.151712	-0.218667	0.179169	0.198216	0.191824	0.191880	0.191104	0.226266	-0.249600	-0.248985	0.197242	-0.191958	
-0.306396	-0.305406	-0.299455	-0.294623	-0.306017	-0.304264	-0.302048	-0.302091	0.113457	0.114246	0.125125	0.112244	0.102544	0.112833	0.112827	0.212439	-0.302589	0.218752	0.285442	0.254863	0.433193	0.452796	0.478275	-0.302586	-0.301681	-0.301896	-0.305786	-0.303973	-0.323173	0.099656	0.092782	0.113317	0.108435	0.108403	0.090943	0.092203	-0.293493	-0.321659	1.189230	0.086220	0.101326	0.226725	-0.276590	-0.273498	0.211998	-0.276761	-0.270767	0.231084	-0.293470	-0.290625	-0.252506	0.225343	-0.262409	-0.290213	0.221252	-0.273976	-0.272504	-0.268781	0.231644	-0.255545	-0.245466	0.208038	0.226838	-0.276293	-0.281197	-0.289656	-0.263566	0.218451	0.238724	0.237920	0.223913	-0.294320	-0.279919	-0.262114	-0.239095	-0.277319	0.245597	-0.266690	-0.232016	0.195008	-0.273110	-0.284318	-0.276316	-0.280680	-0.279717	-0.301465	0.242205	0.230005	-0.285598	0.190774	
-0.100116	-0.093143	-0.095421	-0.089892	-0.142351	-0.141034	-0.139103	-0.137157	0.051907	0.041486	0.048464	0.044812	0.040934	0.041129	0.045749	-0.010756	-0.136578	-0.006043	0.017612	0.003992	0.064946	0.069838	0.080775	-0.094244	-0.095376	-0.097967	-0.101297	-0.133687	-0.106856	0.040853	0.047351	0.047410	0.040908	0.037549	0.036811	0.045389	-0.085173	-0.101957	0.086220	0.990080	0.046196	0.002193	-0.104121	-0.111167	0.012906	-0.103062	-0.112330	0.003078	-0.115708	-0.114834	-0.100798	0.007909	-0.093050	-0.112666	0.009485	-0.104901	-0.111558	-0.102446	0.012314	-0.091125	-0.088226	-0.000783	0.004208	-0.112560	-0.113073	-0.115037	-0.092182	0.004739	0.009734	0.014120	0.005548	-0.093040	-0.111002	-0.099813	-0.105668	-0.096719	0.004965	-0.102155	-0.093017	0.003835	-0.100826	-0.114402	-0.108602	-0.112087	-0.112008	-0.095998	0.013539	0.011844	-0.110391	0.019071	
-0.111451	-0.110455	-0.104938	-0.102748	-0.154765	-0.154029	-0.151618	-0.149423	0.050963	0.054516	0.059550	0.058496	0.046824	0.052066	0.053136	-0.007355	-0.148246	-0.002027	0.023396	0.008480	0.077217	0.082681	0.096212	-0.110148	-0.109591	-0.111655	-0.115377	-0.147304	-0.123186	0.055937	0.059003	0.055937	0.054268	0.057463	0.055265	0.056678	-0.101109	-0.115346	0.101326	0.046196	0.988932	0.010096	-0.112036	-0.116751	0.020392	-0.094691	-0.106584	0.007699	-0.124329	-0.122607	-0.103908	0.014909	-0.106527	-0.119906	0.019689	-0.124161	-0.112119	-0.110881	0.019388	-0.101207	-0.106745	0.003660	0.004893	-0.115588	-0.115975	-0.117340	-0.108695	0.023095	0.017329	0.017215	0.012692	-0.106422	-0.116603	-0.108876	-0.100498	-0.100477	0.014215	-0.106069	-0.086278	0.006775	-0.115712	-0.119735	-0.113649	-0.115055	-0.112698	-0.111836	0.023013	0.016929	-0.120392	0.028772	
-0.239455	-0.246987	-0.241281	-0.236609	-0.234492	-0.228480	-0.220322	-0.230942	0.015967	0.025379	0.021095	0.017320	0.006308	0.017540	0.013644	0.427679	-0.221229	0.398941	0.372743	0.395073	0.262110	0.251513	0.232765	-0.239725	-0.242661	-0.241061	-0.238505	-0.229841	-0.248185	0.013854	0.009166	0.009939	0.015811	0.014013	-0.001388	0.021788	-0.226372	-0.240576	0.226725	0.002193	0.010096	1.024209	-0.101110	-0.141758	0.443391	-0.152900	0.057111	0.368387	-0.183962	-0.190703	-0.146368	0.258262	-0.204203	-0.281028	0.431545	-0.057726	-0.197130	-0.182620	0.344716	-0.017762	-0.053385	0.365730	0.386882	-0.191395	-0.210178	-0.238334	-0.154252	0.499541	0.394511	0.375908	0.473252	-0.183117	-0.187243	-0.130270	-0.145925	-0.066852	0.463495	-0.171657	-0.251552	0.330459	-0.042861	-0.197274	-0.195428	-0.181980	-0.173453	-0.198468	0.349211	0.346116	-0.163607	-0.021555	
0.167502	0.153315	0.152320	0.146355	0.216614	0.209647	0.206289	0.216706	-0.125624	-0.133679	-0.131204	-0.120766	-0.120863	-0.126680	-0.133131	-0.210641	0.211978	-0.212202	-0.228116	-0.225170	-0.275438	-0.276698	-0.283811	0.156408	0.150993	0.143957	0.160030	0.213047	0.202183	-0.120050	-0.111714	-0.123197	-0.123924	-0.127783	-0.112150	-0.109818	0.151247	0.192085	-0.276590	-0.104121	-0.112036	-0.101110	0.747926	0.228948	-0.160145	0.161353	0.149658	-0.188062	0.220023	0.232723	0.179687	-0.170860	0.166365	0.305087	-0.175908	0.217222	0.203562	0.298312	-0.213842	0.063984	0.017838	-0.160187	-0.190791	0.198983	0.229550	0.234025	0.225598	-0.161416	-0.176928	-0.182141	-0.206571	0.133693	0.244966	0.252188	0.247184	0.177660	-0.193615	0.243520	0.417549	-0.130971	0.207390	0.256369	0.202194	0.182676	0.214337	0.161727	-0.173533	-0.181638	0.214993	-0.196566	
0.159863	0.147178	0.135591	0.146967	0.209275	0.211694	0.216303	0.211837	-0.128173	-0.138664	-0.137813	-0.130132	-0.113135	-0.128096	-0.131286	-0.198933	0.214780	-0.203732	-0.223409	-0.217365	-0.272940	-0.274431	-0.282158	0.149173	0.152659	0.151883	0.150722	0.216322	0.193693	-0.128860	-0.114037	-0.125527	-0.125527	-0.132017	-0.106228	-0.107511	0.139665	0.190440	-0.273498	-0.111167	-0.116751	-0.141758	0.228948	0.758354	-0.169201	0.107625	0.489744	-0.183741	0.243932	0.253602	0.149305	-0.128229	0.234923	0.268410	-0.144686	0.094777	0.243982	0.231877	-0.167034	0.128628	0.074090	-0.147308	-0.162339	0.238903	0.214910	0.212728	0.196374	-0.109067	-0.171656	-0.166454	-0.172759	0.287954	0.220010	0.204014	0.282694	0.310412	-0.197692	0.214030	0.250104	-0.160981	0.200853	0.240418	0.211517	0.252279	0.245987	0.215175	-0.163585	-0.150222	0.218554	-0.043401	
-0.230139	-0.228990	-0.233393	-0.219282	-0.229765	-0.225642	-0.218801	-0.222104	0.026750	0.027062	0.032588	0.031744	0.016153	0.022535	0.030475	0.376678	-0.227001	0.352571	0.330066	0.357735	0.259232	0.252958	0.216586	-0.234769	-0.230115	-0.232970	-0.238260	-0.225830	-0.242611	0.020902	0.000751	0.033340	0.032170	0.009359	0.020736	0.003781	-0.240152	-0.230148	0.211998	0.012906	0.020392	0.443391	-0.160145	-0.169201	0.972743	-0.082780	-0.136970	0.412692	-0.205944	-0.216107	-0.095371	0.357188	-0.166324	-0.047426	0.323062	0.087419	-0.226001	-0.155498	0.325384	0.024612	-0.014479	0.343349	0.344110	-0.137597	-0.189201	-0.194142	-0.146091	0.385496	0.301484	0.373716	0.364072	-0.141946	-0.128635	-0.126822	0.060427	-0.172088	0.384322	-0.124139	-0.138803	0.287143	-0.198012	-0.205986	-0.227894	-0.086468	-0.205543	-0.192814	0.325839	0.376869	-0.185294	0.350793	
0.175115	0.192170	0.185785	0.183609	0.129427	0.124873	0.140909	0.147195	-0.112766	-0.090372	-0.106536	-0.123360	-0.123035	-0.112107	-0.115104	-0.218667	0.125240	-0.221998	-0.205988	-0.230855	-0.279348	-0.281342	-0.274519	0.174941	0.215599	0.195434	0.181590	0.137858	0.182782	-0.095694	-0.095011	-0.099858	-0.106527	-0.090922	-0.113617	-0.091900	0.159908	0.187417	-0.276761	-0.103062	-0.094691	-0.152900	0.161353	0.107625	-0.082780	0.745322	0.076720	-0.197643	0.178294	0.184130	0.107638	-0.184494	0.031281	0.155537	-0.188762	-0.030277	0.232632	0.066548	-0.235164	-0.031800	0.190890	-0.153859	-0.171741	0.177948	0.209075	0.208866	0.083144	-0.138123	-0.125976	-0.165077	-0.186596	0.292351	0.143254	0.185095	0.033509	-0.159072	-0.168650	0.163325	-0.025624	-0.180725	0.138319	0.142322	0.144959	0.026705	0.158402	0.213492	-0.047575	-0.079476	0.147406	0.350263	
