0.901425	0.233063	0.225318	0.137396	0.138754	0.138567	0.143791	-0.114174	-0.113806	-0.116635	-0.109497	-0.105713	-0.110511	-0.114597	-0.233328	0.146004	-0.237230	-0.255645	-0.249820	-0.298255	-0.300884	-0.305025	0.291029	0.231352	0.259249	0.245242	0.153745	0.234391	-0.104182	-0.099037	-0.112844	-0.111231	-0.109403	-0.097506	-0.095069	0.229073	0.239491	-0.302489	-0.087917	-0.102600	0.175644	-0.246297	0.143272	0.161744	0.157848	-0.228239	0.203443	-0.350235	0.142377	-0.268565	-0.043244	-0.244400	0.175906	0.204570	0.167888	0.146187	-0.240351	0.145692	0.165010	0.362295	-0.244056	0.154454	0.157660	0.152721	-0.240011	0.148059	0.153711	0.127221	-0.228003	-0.240918	-0.200358	0.149792	0.160098	0.161544	0.163035	0.037259	0.160228	-0.235929	0.126488	-0.247899	-0.052467	-0.239628	-0.153176	0.153513	-0.236315	0.184853	0.159080	0.133312	0.147716	-0.241576	0.123073	0.120673	0.179807	-0.252613	0.151543	0.105057	-0.221462	0.154425	0.166076	0.159349	0.054810	0.142193	0.158019	0.212529	-0.245872	-0.240581	0.164315	0.094656	-0.216587	0.147154	0.212352	0.001532	-0.234390	0.182749	-0.371261	
0.233063	0.912934	0.263553	0.134644	0.136292	0.137421	0.141746	-0.114102	-0.112833	-0.118635	-0.111676	-0.102883	-0.106986	-0.112032	-0.231365	0.144618	-0.236048	-0.253305	-0.247662	-0.293140	-0.294850	-0.299053	0.232207	0.232387	0.226395	0.230835	0.151392	0.236350	-0.101602	-0.097339	-0.110484	-0.108904	-0.102649	-0.094645	-0.097303	0.233955	0.243117	-0.296158	-0.090335	-0.097014	0.152531	-0.242349	0.134907	0.160852	0.142811	-0.233873	0.195823	-0.011525	0.134277	-0.249938	-0.026037	-0.242125	0.173442	0.132219	0.163178	0.138610	-0.236608	0.158137	0.164747	-0.253352	-0.243565	0.156305	0.161840	0.152002	-0.236478	0.144321	0.157245	0.083068	-0.223580	-0.237288	-0.239534	0.164229	0.157311	0.159964	0.160160	0.055027	0.144122	-0.233131	0.121780	-0.244510	-0.037781	-0.238238	-0.140650	0.042611	-0.234540	0.213800	0.160139	0.142594	0.138470	-0.262395	0.123994	0.127757	0.160563	-0.250779	0.149637	0.099411	-0.210621	0.156149	0.162952	0.160216	0.130683	0.150299	0.155068	0.220668	-0.240423	-0.234778	0.163426	0.120265	-0.211025	0.139681	0.241578	-0.000843	-0.232321	0.115345	-0.371261	
0.225318	0.263553	0.900166	0.131444	0.131394	0.133457	0.137097	-0.109456	-0.111334	-0.111775	-0.104929	-0.104601	-0.104039	-0.109899	-0.227509	0.139356	-0.231910	-0.248547	-0.243475	-0.288585	-0.290114	-0.294007	0.219681	0.231067	0.218833	0.225406	0.147213	0.229746	-0.095708	-0.094496	-0.106466	-0.107465	-0.101086	-0.090122	-0.090398	0.225054	0.237911	-0.291862	-0.084813	-0.095743	0.132911	-0.237912	0.115205	0.152808	0.157174	-0.219594	0.192690	-0.128192	0.119219	-0.203917	-0.056433	-0.238976	0.170379	0.148494	0.160588	0.132276	-0.226254	0.135078	0.155349	-0.253352	-0.236429	0.153480	0.160091	0.151518	-0.231859	0.145746	0.142728	0.097999	-0.221306	-0.231425	-0.206708	0.191726	0.156220	0.151616	0.162855	0.039293	0.149035	-0.223809	0.125099	-0.238645	-0.023180	-0.232727	-0.082741	0.016417	-0.227151	0.193516	0.155456	0.112851	0.144255	-0.227914	0.194761	0.137151	0.182834	-0.242435	0.148042	0.095928	-0.211231	0.142381	0.161031	0.159571	0.081130	0.135455	0.156490	0.211556	-0.238367	-0.238828	0.159936	0.074961	-0.202938	0.116455	0.218185	0.130880	-0.239711	0.082036	-0.371261	
0.137396	0.134644	0.131444	1.036113	0.488640	0.439639	0.399136	-0.160998	-0.159327	-0.164663	-0.157649	-0.152483	-0.156872	-0.160434	-0.213250	0.394585	-0.219247	-0.244016	-0.235604	-0.297161	-0.300327	-0.305868	0.136305	0.140057	0.134508	0.143547	0.365476	0.190057	-0.151358	-0.146465	-0.157690	-0.157370	-0.154113	-0.142757	-0.143649	0.129346	0.169059	-0.305035	-0.138863	-0.149986	0.207886	-0.235174	0.218567	0.221646	0.215924	-0.230707	0.133997	-0.128192	0.234447	-0.250146	-0.048309	-0.232106	0.242320	0.212083	0.234955	0.193324	-0.229645	0.186292	0.219265	-0.034553	-0.234447	0.208664	0.220332	0.212548	-0.222876	0.223441	0.156668	0.157326	-0.216719	-0.225455	-0.226819	0.130643	0.219989	0.220407	0.232547	0.116746	0.194521	-0.230663	0.194135	-0.235919	0.029840	-0.231710	-0.092799	0.184042	-0.227509	0.166122	0.220635	0.189165	0.201450	-0.235279	0.104371	0.185560	0.212179	-0.237758	0.213904	0.136616	-0.209772	0.212459	0.227693	0.214766	0.127798	0.210676	0.221602	0.147519	-0.238831	-0.239353	0.224883	0.164879	-0.213682	0.242708	0.145411	-0.153134	-0.241379	0.148293	-1.000000	
0.138754	0.136292	0.131394	0.488640	1.008287	0.431208	0.394759	-0.159004	-0.157561	-0.162986	-0.157043	-0.150317	-0.155217	-0.158014	-0.211877	0.388851	-0.217404	-0.242058	-0.233387	-0.295237	-0.298697	-0.304492	0.136406	0.140504	0.135051	0.144387	0.359755	0.191101	-0.148868	-0.144907	-0.155261	-0.155036	-0.152460	-0.140936	-0.142997	0.131192	0.171432	-0.303514	-0.137442	-0.149139	0.252205	-0.228816	0.176339	0.214052	0.217501	-0.227131	0.133607	-0.128192	0.204579	-0.242254	-0.040781	-0.229460	0.241628	0.189701	0.233363	0.186319	-0.228602	0.204426	0.222237	-0.086685	-0.234731	0.184414	0.219139	0.208891	-0.223317	0.220580	0.179572	0.113155	-0.215920	-0.223590	-0.222233	0.197902	0.220259	0.223197	0.230069	0.089503	0.197901	-0.228956	0.152437	-0.237798	0.012862	-0.231444	-0.162460	-0.024134	-0.223782	0.167989	0.221584	0.230173	0.193407	-0.230386	0.137154	0.184534	0.231384	-0.235606	0.211208	0.172199	-0.211547	0.198907	0.229137	0.208861	0.125422	0.213093	0.216104	0.142967	-0.235856	-0.238371	0.228230	0.160338	-0.224252	0.335883	0.137997	-0.201839	-0.239327	0.391151	-0.371261	
0.138567	0.137421	0.133457	0.439639	0.431208	0.987706	0.396390	-0.157953	-0.156420	-0.161150	-0.154558	-0.148400	-0.153298	-0.157019	-0.209792	0.390286	-0.215582	-0.240732	-0.231673	-0.293006	-0.296776	-0.302412	0.137617	0.143967	0.137513	0.146121	0.363284	0.192738	-0.147963	-0.143414	-0.153573	-0.153993	-0.150013	-0.139104	-0.141165	0.132368	0.173301	-0.301069	-0.135822	-0.146713	0.276730	-0.220867	0.207264	0.214266	0.222650	-0.220845	0.145966	-0.128192	0.210236	-0.226901	0.012648	-0.227567	0.241590	0.174034	0.240794	0.194676	-0.224438	0.215258	0.234150	-0.086685	-0.228367	0.196059	0.220606	0.209742	-0.223231	0.226066	0.166631	0.131317	-0.214182	-0.223202	-0.225460	0.226963	0.221931	0.225477	0.237392	0.039068	0.201866	-0.219594	0.215776	-0.231267	0.154862	-0.228330	-0.122913	0.170807	-0.225769	0.161146	0.218853	0.209088	0.204849	-0.229134	0.107995	0.197281	0.237545	-0.236257	0.216957	0.136928	-0.204066	0.212958	0.225802	0.212409	0.169205	0.217688	0.215615	0.148670	-0.234284	-0.232394	0.226356	0.210812	-0.195285	0.200995	0.114001	-0.194319	-0.254002	0.064750	-1.000000	
0.143791	0.141746	0.137097	0.399136	0.394759	0.396390	0.978311	-0.155672	-0.155916	-0.159642	-0.153168	-0.146784	-0.152405	-0.155604	-0.210499	0.400069	-0.216650	-0.240585	-0.232201	-0.293804	-0.297153	-0.302810	0.141310	0.147329	0.139653	0.149982	0.372466	0.195821	-0.145675	-0.141381	-0.152137	-0.151696	-0.148461	-0.137719	-0.139874	0.135442	0.176869	-0.301490	-0.134127	-0.145100	0.233204	-0.230972	0.210986	0.226735	0.219537	-0.225893	0.162202	-0.128192	0.200229	-0.197591	-0.026297	-0.228225	0.242995	0.166043	0.238035	0.199211	-0.228011	0.190824	0.228100	-0.086685	-0.233537	0.203203	0.212439	0.215822	-0.225254	0.216789	0.171459	0.111966	-0.213160	-0.221921	-0.229999	0.224723	0.229139	0.230789	0.226631	0.162728	0.195245	-0.228053	0.214824	-0.231634	0.093305	-0.228381	-0.113632	0.217682	-0.222280	0.166624	0.224336	0.180439	0.199820	-0.244430	0.118409	0.177292	0.197462	-0.235203	0.218073	0.171819	-0.204333	0.222537	0.229783	0.219471	0.156692	0.226426	0.214403	0.151679	-0.232508	-0.237344	0.233310	0.186883	-0.198409	0.295038	0.147637	-0.103934	-0.209889	0.282563	-0.659722	
-0.114174	-0.114102	-0.109456	-0.160998	-0.159004	-0.157953	-0.155672	1.010043	0.067832	0.060417	0.062298	0.054334	0.056091	0.055657	0.001129	-0.155300	0.005301	0.029143	0.017840	0.084591	0.092456	0.103292	-0.117188	-0.113113	-0.120334	-0.122997	-0.152599	-0.129769	0.054203	0.051163	0.052743	0.052229	0.043949	0.039094	0.044930	-0.109138	-0.125310	0.105446	0.047918	0.045663	-0.163946	0.008568	-0.141768	-0.125722	-0.128895	0.017999	-0.118823	-0.139944	-0.134082	-0.029077	-0.145425	0.013438	-0.140082	-0.119557	-0.138882	-0.131038	0.021441	-0.125607	-0.138239	-0.250684	0.020455	-0.109105	-0.126054	-0.125034	0.026427	-0.121975	-0.106574	-0.091272	0.009139	0.012955	0.001066	-0.118823	-0.133158	-0.133717	-0.138789	-0.092698	-0.120009	0.015554	-0.117547	0.024812	-0.116873	0.022191	-0.108733	-0.225573	0.011750	-0.117512	-0.133663	-0.126760	-0.127953	0.049570	-0.068446	-0.108599	-0.112749	0.013352	-0.129749	-0.096912	0.015197	-0.124549	-0.136957	-0.133391	-0.142966	-0.132510	-0.132770	-0.127163	0.026651	0.025290	-0.134159	-0.103444	0.006924	-0.174200	-0.132947	-0.157690	0.066018	0.007889	0.164454	
-0.113806	-0.112833	-0.111334	-0.159327	-0.157561	-0.156420	-0.155916	0.067832	1.007132	0.062513	0.063052	0.050232	0.059984	0.061182	-0.002450	-0.154169	0.001721	0.026333	0.015344	0.084101	0.090891	0.100879	-0.114900	-0.116078	-0.117178	-0.119179	-0.151713	-0.126440	0.058380	0.048060	0.049979	0.052704	0.054830	0.038616	0.036710	-0.108905	-0.124364	0.103221	0.037200	0.049006	-0.137383	0.016507	-0.125076	-0.131459	-0.136295	0.021554	-0.089880	-0.065840	-0.116292	-0.024375	-0.005022	0.011479	-0.136559	-0.131190	-0.134562	-0.114294	0.015895	-0.128040	-0.123587	-0.034553	0.015405	-0.131803	-0.129379	-0.120269	0.022438	-0.135399	-0.123886	-0.078857	0.007836	0.013741	0.010630	-0.134260	-0.126560	-0.130443	-0.135926	-0.112004	-0.116717	0.007285	-0.108248	0.022588	-0.032987	0.024661	-0.090811	-0.073951	0.016525	-0.122054	-0.132742	-0.077023	-0.121069	0.018258	-0.152881	-0.116090	-0.135954	0.016863	-0.122660	-0.119249	0.005001	-0.122281	-0.133477	-0.128799	-0.073748	-0.119886	-0.128478	-0.120561	0.021727	0.020033	-0.131480	-0.113811	0.008853	-0.127120	-0.134610	0.047439	0.013927	-0.238981	0.164454	
-0.116635	-0.118635	-0.111775	-0.164663	-0.162986	-0.161150	-0.159642	0.060417	0.062513	1.007901	0.063101	0.058063	0.058901	0.054501	-0.004395	-0.158452	0.000961	0.026892	0.015106	0.088984	0.095914	0.113176	-0.117737	-0.119273	-0.120106	-0.125317	-0.157681	-0.132603	0.052078	0.056103	0.059192	0.051667	0.059703	0.048700	0.048287	-0.113952	-0.128948	0.114983	0.045264	0.053340	-0.138206	0.014005	-0.089962	-0.129039	-0.133321	0.028135	-0.101099	0.042314	-0.110868	0.019472	-0.044081	0.009611	-0.142830	-0.130027	-0.139085	-0.123586	0.022659	-0.128929	-0.133485	-0.250684	0.022995	-0.119010	-0.128694	-0.125066	0.018742	-0.116345	-0.109338	-0.081820	0.010819	0.013643	0.010081	-0.157395	-0.133770	-0.134703	-0.142267	-0.082443	-0.122575	0.017636	-0.120524	0.021415	-0.056569	0.024135	-0.055121	-0.037954	0.014994	-0.114474	-0.136129	-0.107441	-0.123496	0.053349	-0.113597	-0.119273	-0.146794	0.020580	-0.126843	-0.097377	0.008848	-0.122141	-0.139738	-0.135579	-0.095612	-0.124602	-0.135244	-0.125977	0.023556	0.028921	-0.134101	-0.120924	0.009924	-0.180991	-0.124414	-0.141140	-0.012325	-0.040841	0.164454	
-0.109497	-0.111676	-0.104929	-0.157649	-0.157043	-0.154558	-0.153168	0.062298	0.063052	0.063101	0.999269	0.057262	0.056360	0.052723	-0.010290	-0.153296	-0.007086	0.020259	0.007062	0.079099	0.081830	0.095183	-0.114268	-0.109892	-0.116577	-0.117469	-0.150876	-0.124875	0.050144	0.051027	0.053486	0.055635	0.059280	0.049912	0.047095	-0.105875	-0.121755	0.101356	0.040910	0.053930	-0.129724	0.010106	-0.099166	-0.117567	-0.131275	0.020320	-0.118613	-0.035946	-0.117592	-0.012515	-0.079468	0.007139	-0.133471	-0.117309	-0.132982	-0.111034	0.019377	-0.114227	-0.130254	0.189473	0.010681	-0.113729	-0.118871	-0.118715	0.018961	-0.128727	-0.111822	-0.072217	0.004868	0.006896	0.018669	-0.110250	-0.128045	-0.127027	-0.132539	-0.113870	-0.114165	0.005126	-0.121683	0.013139	-0.072251	0.017169	-0.069796	0.131726	0.013029	-0.126958	-0.131302	-0.154684	-0.118516	0.011985	-0.066313	-0.119425	-0.127089	0.011170	-0.122142	-0.107386	-0.001203	-0.114883	-0.131343	-0.128526	-0.133112	-0.119855	-0.125197	-0.121398	0.014825	0.014052	-0.124938	-0.137609	0.008995	-0.101215	-0.105941	0.086491	-0.004418	-0.099947	-0.711538	
-0.105713	-0.102883	-0.104601	-0.152483	-0.150317	-0.148400	-0.146784	0.054334	0.050232	0.058063	0.057262	1.003313	0.051272	0.054192	-0.014008	-0.146563	-0.008707	0.014293	0.004572	0.068544	0.078527	0.090445	-0.105253	-0.106518	-0.105699	-0.110582	-0.144125	-0.118148	0.043111	0.044885	0.055116	0.055442	0.051600	0.046660	0.049642	-0.100557	-0.114221	0.093437	0.038580	0.042838	-0.142646	-0.003501	-0.100949	-0.120842	-0.111132	0.008408	-0.125216	-0.190265	-0.124338	0.072216	-0.012355	-0.000140	-0.128575	-0.128079	-0.131120	-0.101834	0.009919	-0.115002	-0.115566	-0.255858	0.016427	-0.115525	-0.122533	-0.113257	-0.000702	-0.119504	-0.091195	-0.078722	-0.001791	0.000806	0.011373	-0.128802	-0.117139	-0.123444	-0.129420	-0.087054	-0.112042	0.010038	-0.105063	0.008281	-0.039309	0.011017	-0.058861	-0.064090	0.009658	-0.126204	-0.119838	-0.099444	-0.116309	0.004171	-0.061737	-0.139686	-0.118017	0.003635	-0.114882	-0.086859	0.000605	-0.112296	-0.126005	-0.125711	-0.084601	-0.121742	-0.116130	-0.113762	0.010392	0.002933	-0.123171	-0.085573	0.025703	-0.110276	-0.120583	-0.051905	0.000876	-0.078636	0.164454	
-0.110511	-0.106986	-0.104039	-0.156872	-0.155217	-0.153298	-0.152405	0.056091	0.059984	0.058901	0.056360	0.051272	1.011008	0.053824	-0.008499	-0.150489	-0.004339	0.019790	0.008348	0.078678	0.087272	0.098112	-0.111229	-0.111180	-0.112098	-0.115359	-0.148766	-0.122440	0.054329	0.042811	0.056055	0.049355	0.048592	0.040819	0.042333	-0.100650	-0.118942	0.103966	0.038368	0.048021	-0.121293	0.007578	-0.104965	-0.120629	-0.126896	0.017976	-0.105031	0.069259	-0.123231	0.013788	0.074678	0.005263	-0.133018	-0.133179	-0.136195	-0.114006	0.013218	-0.117983	-0.127201	-0.149507	0.011143	-0.121618	-0.121832	-0.117783	0.016195	-0.109110	-0.129036	-0.106132	0.001626	0.005754	0.006423	-0.117481	-0.125669	-0.128498	-0.134182	-0.097869	-0.115075	0.000049	-0.127227	0.012955	0.011263	0.017839	-0.090295	0.036577	0.011197	-0.102678	-0.127171	-0.100006	-0.126414	0.010224	-0.056254	-0.101226	-0.145752	0.010725	-0.120668	-0.129285	0.002893	-0.118869	-0.132014	-0.125593	-0.126364	-0.121820	-0.126828	-0.118128	0.016362	0.013515	-0.128200	-0.135999	0.007220	-0.194584	-0.151242	-0.211167	0.039665	-0.178365	0.999176	
-0.114597	-0.112032	-0.109899	-0.160434	-0.158014	-0.157019	-0.155604	0.055657	0.061182	0.054501	0.052723	0.054192	0.053824	1.013483	-0.004639	-0.154945	0.001022	0.027501	0.013123	0.087265	0.086571	0.103295	-0.112543	-0.116123	-0.115927	-0.118437	-0.152821	-0.126921	0.052592	0.053868	0.051899	0.060533	0.057864	0.042102	0.041636	-0.109771	-0.121464	0.103893	0.041890	0.049015	-0.139758	0.010159	-0.080713	-0.129599	-0.130087	0.026194	-0.123672	-0.216346	-0.117271	0.064289	-0.061306	0.010657	-0.136589	-0.123257	-0.135042	-0.119314	0.021927	-0.115766	-0.120529	-0.271006	0.010674	-0.112984	-0.130485	-0.121530	0.019224	-0.118549	-0.103336	-0.067230	0.012457	0.011443	-0.012886	-0.093597	-0.132334	-0.128038	-0.134109	-0.108547	-0.117227	0.004681	-0.154221	0.015751	-0.003671	0.020621	-0.068633	-0.108207	0.016682	-0.126248	-0.134455	-0.145657	-0.123549	0.022679	-0.097801	-0.129632	-0.129300	0.020458	-0.124169	-0.117261	-0.004425	-0.113971	-0.132860	-0.129165	-0.124027	-0.116228	-0.125528	-0.117448	0.022023	0.026469	-0.132257	-0.112314	-0.011657	-0.115656	-0.143561	0.030121	0.021638	-0.101367	-0.371261	
-0.233328	-0.231365	-0.227509	-0.213250	-0.211877	-0.209792	-0.210499	0.001129	-0.002450	-0.004395	-0.010290	-0.014008	-0.008499	-0.004639	1.161506	-0.210823	0.590899	0.444431	0.501173	0.259656	0.246379	0.204046	-0.232233	-0.231429	-0.232346	-0.233209	-0.212035	-0.236428	-0.016971	-0.019537	-0.010786	-0.011658	-0.012058	-0.018879	-0.018590	-0.229301	-0.236746	0.194791	-0.019289	-0.017328	-0.211361	0.415871	-0.199748	-0.211811	-0.198911	0.366754	-0.217921	-0.134760	-0.203439	0.366995	0.037819	0.440002	-0.213388	-0.218855	-0.213262	-0.175071	0.380536	-0.194532	-0.206461	-0.271006	0.395116	-0.183292	-0.203426	-0.198669	0.364806	-0.200193	-0.184011	-0.146394	0.382392	0.403090	0.329701	-0.211598	-0.207652	-0.208392	-0.217143	-0.091041	-0.198756	0.387549	-0.140972	0.380532	-0.088192	0.387488	0.094066	-0.166081	0.382330	-0.221793	-0.207342	-0.222183	-0.198697	0.437093	-0.219409	-0.155947	-0.208637	0.407613	-0.196589	-0.169636	0.339985	-0.198976	-0.213042	-0.208176	-0.103008	-0.198871	-0.203551	-0.228816	0.386027	0.371978	-0.209773	-0.153179	0.342762	-0.114182	-0.199148	-0.114811	0.345883	-0.274202	1.339454	
0.146004	0.144618	0.139356	0.394585	0.388851	0.390286	0.400069	-0.155300	-0.154169	-0.158452	-0.153296	-0.146563	-0.150489	-0.154945	-0.210823	0.966934	-0.216472	-0.241422	-0.232555	-0.293515	-0.296928	-0.302342	0.143285	0.148754	0.142573	0.151116	0.370135	0.199961	-0.145070	-0.140652	-0.151206	-0.152171	-0.148354	-0.136658	-0.138512	0.138839	0.179637	-0.301424	-0.133215	-0.143432	0.249931	-0.222126	0.236354	0.218974	0.220192	-0.230467	0.139128	-0.283748	0.211671	-0.255099	-0.003021	-0.228028	0.245998	0.179226	0.237384	0.187263	-0.226148	0.206073	0.221837	0.595099	-0.230661	0.210587	0.229408	0.217000	-0.228967	0.208384	0.176478	0.134737	-0.215160	-0.222562	-0.230567	0.219840	0.232525	0.230392	0.235302	0.118915	0.204611	-0.216416	0.202993	-0.235070	-0.013617	-0.229351	-0.137461	0.184756	-0.223161	0.169210	0.223946	0.187124	0.202601	-0.232775	0.085649	0.190494	0.215256	-0.234505	0.219348	0.170519	-0.207525	0.216901	0.231310	0.215409	0.202348	0.205894	0.222764	0.155884	-0.233994	-0.237288	0.231910	0.250942	-0.216317	0.280513	0.138145	-0.275046	-0.214093	0.070558	-1.000000	
-0.237230	-0.236048	-0.231910	-0.219247	-0.217404	-0.215582	-0.216650	0.005301	0.001721	0.000961	-0.007086	-0.008707	-0.004339	0.001022	0.590899	-0.216472	1.147178	0.441757	0.499352	0.270139	0.250870	0.216648	-0.236058	-0.235743	-0.237047	-0.237653	-0.217701	-0.241258	-0.012449	-0.015899	-0.004875	-0.008002	-0.008090	-0.014454	-0.014957	-0.232806	-0.242472	0.201354	-0.014124	-0.011830	-0.234097	0.385671	-0.187123	-0.213494	-0.206214	0.345183	-0.218174	-0.035946	-0.200672	0.260118	-0.080852	0.432268	-0.217615	-0.225328	-0.216467	-0.182903	0.383161	-0.200389	-0.219438	-0.271006	0.394281	-0.207039	-0.202485	-0.201217	0.350308	-0.205889	-0.191155	-0.135417	0.383172	0.396812	0.368925	-0.214572	-0.210868	-0.209392	-0.221445	-0.097442	-0.205117	0.358054	-0.169656	0.378842	-0.088860	0.384975	0.106757	-0.125467	0.377431	-0.227908	-0.210928	-0.202458	-0.200230	0.387772	-0.190807	-0.149773	-0.197832	0.406222	-0.200879	-0.174976	0.352883	-0.208712	-0.216869	-0.214841	-0.156818	-0.209671	-0.205279	-0.235181	0.373629	0.371915	-0.212912	-0.182222	0.336979	-0.136674	-0.221121	0.078911	0.370430	-0.126636	0.164454	
-0.255645	-0.253305	-0.248547	-0.244016	-0.242058	-0.240732	-0.240585	0.029143	0.026333	0.026892	0.020259	0.014293	0.019790	0.027501	0.444431	-0.241422	0.441757	1.115353	0.440479	0.317750	0.303222	0.274055	-0.253958	-0.253393	-0.254235	-0.255713	-0.242859	-0.263525	0.013114	0.007896	0.018559	0.021109	0.015623	0.008786	0.009045	-0.249040	-0.262989	0.267265	0.009578	0.013731	-0.270527	0.364755	-0.231524	-0.229037	-0.224141	0.319108	-0.196079	-0.063062	-0.214156	0.311896	-0.156003	0.385323	-0.240714	-0.225861	-0.238919	-0.200583	0.359288	-0.217261	-0.227970	-0.271006	0.361437	-0.211148	-0.225280	-0.221503	0.340215	-0.224967	-0.201689	-0.144180	0.348872	0.361713	0.360533	-0.269669	-0.231000	-0.232352	-0.242681	-0.077986	-0.216352	0.319345	-0.179649	0.362465	-0.102143	0.360367	0.241979	-0.201031	0.348813	-0.244464	-0.231750	-0.245714	-0.220805	0.317818	-0.190197	-0.188533	-0.232723	0.388324	-0.221286	-0.173532	0.317225	-0.221911	-0.235379	-0.229870	-0.135625	-0.222871	-0.228171	-0.251213	0.358621	0.344294	-0.231565	-0.164670	0.309450	-0.157568	-0.235134	-0.182884	0.310974	-0.142457	0.164454	
-0.249820	-0.247662	-0.243475	-0.235604	-0.233387	-0.231673	-0.232201	0.017840	0.015344	0.015106	0.007062	0.004572	0.008348	0.013123	0.501173	-0.232555	0.499352	0.440479	1.161535	0.296696	0.281544	0.248932	-0.248300	-0.247949	-0.248648	-0.250222	-0.234059	-0.255689	-0.000019	-0.004539	0.006148	0.005735	0.002852	-0.004687	-0.003112	-0.245159	-0.255910	0.237543	-0.004526	-0.000977	-0.236327	0.381886	-0.220128	-0.226984	-0.217815	0.346192	-0.232627	-0.141323	-0.223092	0.334151	-0.156082	0.420773	-0.232218	-0.220959	-0.232024	-0.195907	0.369284	-0.212549	-0.227973	-0.431356	0.381342	-0.217314	-0.219167	-0.214919	0.346813	-0.218480	-0.187232	-0.149335	0.376806	0.388687	0.351444	-0.195191	-0.222474	-0.225483	-0.236067	-0.101018	-0.215821	0.349562	-0.161973	0.380673	-0.101354	0.379110	0.283594	-0.221464	0.364287	-0.240829	-0.224405	-0.245734	-0.216195	0.363731	-0.205106	-0.168347	-0.217862	0.396391	-0.213095	-0.179633	0.321079	-0.220300	-0.230595	-0.226348	-0.139423	-0.223354	-0.222095	-0.243634	0.369948	0.364909	-0.224929	-0.162938	0.301612	-0.160348	-0.227759	-0.223023	0.391654	-0.093629	1.339454	
-0.298255	-0.293140	-0.288585	-0.297161	-0.295237	-0.293006	-0.293804	0.084591	0.084101	0.088984	0.079099	0.068544	0.078678	0.087265	0.259656	-0.293515	0.270139	0.317750	0.296696	1.191749	0.430231	0.424892	-0.294847	-0.295396	-0.296295	-0.298974	-0.294767	-0.313949	0.065086	0.063809	0.079229	0.077931	0.074881	0.061072	0.063375	-0.290497	-0.313753	0.416439	0.057149	0.066185	-0.290372	0.250543	-0.262465	-0.276368	-0.274168	0.247599	-0.273690	0.129814	-0.275379	0.266679	-0.085037	0.263939	-0.291633	-0.264081	-0.287229	-0.255133	0.251256	-0.270024	-0.286386	-0.090334	0.256112	-0.262996	-0.274555	-0.266486	0.262366	-0.270486	-0.254114	-0.193008	0.239780	0.258267	0.210862	-0.246344	-0.274494	-0.279884	-0.288803	-0.137378	-0.259667	0.222908	-0.227809	0.272093	-0.115185	0.265986	0.118706	-0.083204	0.262528	-0.285038	-0.279938	-0.305609	-0.264273	0.265988	-0.220140	-0.246486	-0.269641	0.274490	-0.266146	-0.218288	0.215588	-0.269510	-0.284213	-0.277871	-0.231529	-0.270722	-0.277755	-0.301401	0.261374	0.254332	-0.281066	-0.240268	0.231617	-0.236748	-0.278557	-0.171825	0.301352	-0.060237	1.339454	
-0.300884	-0.294850	-0.290114	-0.300327	-0.298697	-0.296776	-0.297153	0.092456	0.090891	0.095914	0.081830	0.078527	0.087272	0.086571	0.246379	-0.296928	0.250870	0.303222	0.281544	0.430231	1.190751	0.438142	-0.297068	-0.297645	-0.299058	-0.301629	-0.298047	-0.316990	0.071386	0.068397	0.085553	0.083782	0.078873	0.066695	0.067386	-0.293510	-0.317896	0.434716	0.061676	0.072602	-0.288269	0.244286	-0.270971	-0.278388	-0.276869	0.243958	-0.285611	-0.115946	-0.264386	0.263240	0.065058	0.257455	-0.294278	-0.263942	-0.289723	-0.253264	0.245226	-0.260556	-0.286904	-0.259507	0.244560	-0.267947	-0.277225	-0.270595	0.246524	-0.268248	-0.251743	-0.199178	0.226190	0.251476	0.189351	-0.297550	-0.282927	-0.282043	-0.290016	-0.111293	-0.267486	0.235341	-0.241407	0.249987	-0.116375	0.254654	0.162962	-0.178296	0.243001	-0.288546	-0.281251	-0.290788	-0.267209	0.281953	-0.227539	-0.235688	-0.286569	0.266347	-0.269542	-0.228039	0.207147	-0.276569	-0.286274	-0.278873	-0.228117	-0.278319	-0.275495	-0.301232	0.255045	0.250020	-0.284812	-0.235433	0.206841	-0.233745	-0.294413	-0.228875	0.258881	-0.285572	1.339454	
-0.305025	-0.299053	-0.294007	-0.305868	-0.304492	-0.302412	-0.302810	0.103292	0.100879	0.113176	0.095183	0.090445	0.098112	0.103295	0.204046	-0.302342	0.216648	0.274055	0.248932	0.424892	0.438142	1.202087	-0.300197	-0.300800	-0.301927	-0.305515	-0.304008	-0.322241	0.085097	0.078255	0.098613	0.098512	0.093281	0.080278	0.080658	-0.295645	-0.322808	0.461162	0.073233	0.085201	-0.298385	0.218119	-0.266996	-0.285201	-0.285335	0.204430	-0.274273	0.129814	-0.270483	0.229523	-0.110595	0.225751	-0.299492	-0.289458	-0.293617	-0.259527	0.221774	-0.270125	-0.287735	-0.259507	0.219024	-0.275084	-0.277746	-0.273069	0.223705	-0.266356	-0.265069	-0.210194	0.207662	0.220709	0.175135	-0.323984	-0.286056	-0.286591	-0.296188	-0.157759	-0.267304	0.224072	-0.244388	0.233700	-0.181758	0.229146	0.050019	-0.213223	0.220840	-0.305958	-0.283702	-0.314099	-0.267891	0.215731	-0.224301	-0.255752	-0.293702	0.241962	-0.272949	-0.234127	0.185056	-0.279169	-0.290555	-0.279326	-0.216267	-0.276402	-0.285044	-0.306944	0.233674	0.221896	-0.289265	-0.204803	0.185845	-0.248874	-0.279937	-0.165245	0.236092	-0.041544	1.339454	
0.291029	0.232207	0.219681	0.136305	0.136406	0.137617	0.141310	-0.117188	-0.114900	-0.117737	-0.114268	-0.105253	-0.111229	-0.112543	-0.232233	0.143285	-0.236058	-0.253958	-0.248300	-0.294847	-0.297068	-0.300197	0.910640	0.237815	0.269283	0.237755	0.151901	0.230898	-0.104069	-0.098528	-0.112818	-0.111901	-0.109502	-0.094948	-0.098451	0.227049	0.233723	-0.299038	-0.089421	-0.102718	0.170744	-0.237985	0.141917	0.168572	0.157806	-0.237880	0.180882	-0.199987	0.130450	-0.246712	-0.109986	-0.242491	0.173769	0.154309	0.169898	0.133964	-0.235451	0.139922	0.158661	0.362295	-0.236542	0.160277	0.156084	0.153727	-0.241771	0.141693	0.160210	0.109136	-0.223729	-0.236941	-0.221551	0.155463	0.153755	0.159216	0.162263	0.024790	0.147934	-0.238654	0.116019	-0.242661	-0.049742	-0.238611	-0.116478	0.059714	-0.235043	0.199740	0.155642	0.152469	0.148118	-0.229204	0.136399	0.102328	0.154267	-0.250793	0.149648	0.118702	-0.211954	0.156680	0.160787	0.158566	0.115000	0.145788	0.162131	0.212883	-0.245795	-0.242238	0.164636	0.098910	-0.209576	0.155173	0.229669	0.179203	-0.247216	0.137806	-0.711538	
0.231352	0.232387	0.231067	0.140057	0.140504	0.143967	0.147329	-0.113113	-0.116078	-0.119273	-0.109892	-0.106518	-0.111180	-0.116123	-0.231429	0.148754	-0.235743	-0.253393	-0.247949	-0.295396	-0.297645	-0.300800	0.237815	0.901155	0.240326	0.252143	0.157137	0.235483	-0.100815	-0.098355	-0.111158	-0.105059	-0.106075	-0.095686	-0.094201	0.228864	0.243049	-0.299021	-0.089931	-0.102189	0.150311	-0.242051	0.152969	0.159409	0.158435	-0.230387	0.223773	-0.159389	0.136841	-0.240059	-0.066276	-0.241294	0.179221	0.167057	0.173733	0.150905	-0.236643	0.157079	0.170596	-0.086685	-0.240514	0.171924	0.164736	0.158803	-0.235810	0.139769	0.147704	0.077864	-0.224606	-0.238038	-0.209723	0.185241	0.155345	0.167326	0.167284	0.106230	0.154841	-0.228909	0.151936	-0.245487	0.004760	-0.238786	-0.094302	0.046073	-0.234329	0.205228	0.165518	0.198860	0.155079	-0.244479	0.206849	0.133990	0.166062	-0.253154	0.153698	0.128248	-0.223944	0.154474	0.169347	0.164891	0.079879	0.156127	0.164593	0.217768	-0.244169	-0.241261	0.166226	0.110673	-0.205370	0.068333	0.222997	-0.068309	-0.252589	0.021497	-0.711538	
0.259249	0.226395	0.218833	0.134508	0.135051	0.137513	0.139653	-0.120334	-0.117178	-0.120106	-0.116577	-0.105699	-0.112098	-0.115927	-0.232346	0.142573	-0.237047	-0.254235	-0.248648	-0.296295	-0.299058	-0.301927	0.269283	0.240326	0.913386	0.325157	0.151333	0.228047	-0.108895	-0.099366	-0.112557	-0.112613	-0.110005	-0.095438	-0.101610	0.220982	0.232669	-0.299612	-0.092109	-0.104106	0.188069	-0.241122	0.123583	0.151883	0.160844	-0.234788	0.193199	-0.311346	0.146460	-0.261390	-0.157375	-0.242604	0.171858	0.151217	0.168285	0.132781	-0.239391	0.159235	0.161036	0.014956	-0.241753	0.137737	0.157882	0.152522	-0.239571	0.149488	0.156867	0.111875	-0.224406	-0.239656	-0.217202	0.158099	0.153492	0.153954	0.160582	0.078452	0.151112	-0.243898	0.125074	-0.245612	-0.019617	-0.238836	-0.137094	0.039276	-0.234106	0.190129	0.155420	0.156700	0.146300	-0.246852	0.131118	0.117457	0.164200	-0.251441	0.152292	0.129773	-0.217495	0.153699	0.162581	0.157491	0.068047	0.146308	0.159419	0.214568	-0.241132	-0.241694	0.164856	0.076858	-0.222861	0.064756	0.200260	0.137857	-0.220094	0.061107	-0.711538	
0.245242	0.230835	0.225406	0.143547	0.144387	0.146121	0.149982	-0.122997	-0.119179	-0.125317	-0.117469	-0.110582	-0.115359	-0.118437	-0.233209	0.151116	-0.237653	-0.255713	-0.250222	-0.298974	-0.301629	-0.305515	0.237755	0.252143	0.325157	0.910256	0.160116	0.236366	-0.105305	-0.103009	-0.114917	-0.116873	-0.110417	-0.097868	-0.101951	0.225792	0.240616	-0.302800	-0.096078	-0.107731	0.146299	-0.237680	0.149985	0.168705	0.157626	-0.239438	0.197749	-0.389124	0.147212	-0.280535	-0.027138	-0.244811	0.181534	0.126916	0.171699	0.137348	-0.237878	0.154063	0.176437	0.362295	-0.242575	0.159894	0.160841	0.161435	-0.239535	0.149867	0.148963	0.112128	-0.228388	-0.240424	-0.212779	0.163724	0.168954	0.167426	0.176143	0.067253	0.150593	-0.228777	0.119616	-0.245737	-0.003298	-0.240706	-0.100615	0.184042	-0.233984	0.203057	0.163401	0.183053	0.151848	-0.229029	0.159360	0.134431	0.174648	-0.250181	0.151764	0.144134	-0.217319	0.152391	0.171075	0.161573	0.065485	0.167462	0.163889	0.217411	-0.247895	-0.243169	0.170908	0.112607	-0.226162	0.026837	0.206688	0.130880	-0.234563	0.241800	-0.371261	
0.153745	0.151392	0.147213	0.365476	0.359755	0.363284	0.372466	-0.152599	-0.151713	-0.157681	-0.150876	-0.144125	-0.148766	-0.152821	-0.212035	0.370135	-0.217701	-0.242859	-0.234059	-0.294767	-0.298047	-0.304008	0.151901	0.157137	0.151333	0.160116	0.963138	0.210991	-0.142646	-0.138006	-0.148366	-0.149538	-0.146222	-0.134416	-0.136465	0.147713	0.189580	-0.302783	-0.130303	-0.142280	0.224057	-0.231283	0.207968	0.218527	0.219761	-0.229608	0.146342	-0.389124	0.199494	-0.231427	0.043625	-0.230968	0.250425	0.193666	0.245481	0.195834	-0.229948	0.214982	0.234915	0.362295	-0.233208	0.250254	0.227488	0.224060	-0.227866	0.236611	0.179647	0.146765	-0.214322	-0.223734	-0.195869	0.206138	0.235798	0.233186	0.232816	0.082574	0.206104	-0.222606	0.219956	-0.234257	0.083350	-0.229543	-0.089489	0.156383	-0.218000	0.171154	0.233517	0.241638	0.216284	-0.235098	0.136323	0.189870	0.223453	-0.236604	0.225399	0.145039	-0.210862	0.210712	0.235933	0.227922	0.165758	0.233552	0.217884	0.160318	-0.236564	-0.229454	0.235898	0.165234	-0.196345	0.196729	0.183075	-0.054983	-0.225340	0.116500	-1.000000	
0.234391	0.236350	0.229746	0.190057	0.191101	0.192738	0.195821	-0.129769	-0.126440	-0.132603	-0.124875	-0.118148	-0.122440	-0.126921	-0.236428	0.199961	-0.241258	-0.263525	-0.255689	-0.313949	-0.316990	-0.322241	0.230898	0.235483	0.228047	0.236366	0.210991	0.851573	-0.116626	-0.109143	-0.123008	-0.123384	-0.120753	-0.105398	-0.106269	0.235297	0.293219	-0.319886	-0.102017	-0.115521	0.235014	-0.248590	0.178144	0.208761	0.198925	-0.244299	0.196354	-0.361525	0.222258	-0.203441	0.004497	-0.249980	0.222543	0.178704	0.215907	0.176146	-0.244797	0.193099	0.217968	0.362295	-0.247399	0.197730	0.206671	0.196482	-0.244025	0.193702	0.191047	0.123715	-0.231646	-0.243875	-0.222484	0.183847	0.201496	0.212121	0.216196	0.066040	0.194030	-0.234569	0.156328	-0.253488	0.052276	-0.246507	-0.088901	0.248307	-0.242219	0.222525	0.208453	0.249976	0.189548	-0.235732	0.150321	0.160599	0.208229	-0.256725	0.195315	0.150022	-0.222131	0.204623	0.211281	0.205734	0.225702	0.200264	0.207150	0.233995	-0.252184	-0.247682	0.213116	0.125831	-0.191366	0.083730	0.240646	0.037492	-0.261146	0.146148	-0.711538	
-0.104182	-0.101602	-0.095708	-0.151358	-0.148868	-0.147963	-0.145675	0.054203	0.058380	0.052078	0.050144	0.043111	0.054329	0.052592	-0.016971	-0.145070	-0.012449	0.013114	-0.000019	0.065086	0.071386	0.085097	-0.104069	-0.100815	-0.108895	-0.105305	-0.142646	-0.116626	0.992611	0.040639	0.056115	0.066318	0.053288	0.038055	0.047868	-0.097383	-0.109356	0.089878	0.037443	0.052111	-0.139789	0.011046	-0.087289	-0.118717	-0.127185	0.015974	-0.089559	-0.054550	-0.102791	-0.045414	-0.044135	-0.002193	-0.126120	-0.126054	-0.121568	-0.103846	0.002798	-0.119553	-0.119385	-0.250684	0.008709	-0.102132	-0.110799	-0.109891	0.006251	-0.116594	-0.097498	-0.071443	-0.003259	0.003212	0.008712	-0.102296	-0.115731	-0.117510	-0.121813	-0.124659	-0.103977	0.003790	-0.122424	0.004460	-0.012633	0.006904	-0.046590	-0.053701	0.001152	-0.116044	-0.118132	-0.114914	-0.108754	0.004653	-0.112964	-0.120660	-0.137569	0.001298	-0.111381	-0.085590	0.001407	-0.116286	-0.123235	-0.117357	-0.140840	-0.114457	-0.115670	-0.104603	0.008794	0.010651	-0.121799	-0.111171	-0.018976	-0.145706	-0.127846	-0.016887	-0.030771	0.008525	0.164454	
-0.099037	-0.097339	-0.094496	-0.146465	-0.144907	-0.143414	-0.141381	0.051163	0.048060	0.056103	0.051027	0.044885	0.042811	0.053868	-0.019537	-0.140652	-0.015899	0.007896	-0.004539	0.063809	0.068397	0.078255	-0.098528	-0.098355	-0.099366	-0.103009	-0.138006	-0.109143	0.040639	0.991299	0.054914	0.048095	0.049896	0.037388	0.039549	-0.090826	-0.104969	0.082079	0.043390	0.053543	-0.092113	0.002637	-0.091841	-0.106536	-0.113293	-0.006317	-0.093647	-0.220310	-0.106678	-0.025151	0.024462	-0.006071	-0.120246	-0.082858	-0.119098	-0.106521	-0.001065	-0.105504	-0.114951	-0.436530	0.006645	-0.118382	-0.112728	-0.105998	0.010257	-0.094056	-0.098262	-0.092815	-0.009287	-0.003489	0.047490	-0.120965	-0.111491	-0.111771	-0.114882	-0.087738	-0.104892	-0.007608	-0.138193	0.006959	-0.033572	0.003814	0.025834	0.046724	0.003114	-0.104632	-0.114360	-0.103441	-0.100364	-0.003737	-0.093289	-0.110098	-0.117377	-0.004436	-0.104873	-0.100968	-0.001505	-0.113055	-0.117630	-0.110087	-0.130978	-0.106768	-0.111962	-0.103998	0.004278	0.012628	-0.115468	-0.094883	0.000689	-0.172503	-0.093850	-0.156635	0.015842	-0.168708	-0.371261	
-0.112844	-0.110484	-0.106466	-0.157690	-0.155261	-0.153573	-0.152137	0.052743	0.049979	0.059192	0.053486	0.055116	0.056055	0.051899	-0.010786	-0.151206	-0.004875	0.018559	0.006148	0.079229	0.085553	0.098613	-0.112818	-0.111158	-0.112557	-0.114917	-0.148366	-0.123008	0.056115	0.054914	1.000526	0.052448	0.056442	0.049732	0.049459	-0.105890	-0.119919	0.102967	0.043484	0.049503	-0.136327	0.002028	-0.131893	-0.121107	-0.123687	0.028425	-0.099842	-0.027963	-0.108235	-0.018652	0.023106	0.007455	-0.133208	-0.102178	-0.131775	-0.111062	0.009237	-0.106955	-0.125442	-0.023054	0.006443	-0.116442	-0.122979	-0.114602	0.014245	-0.107908	-0.113952	-0.106576	0.004694	0.005282	-0.010559	-0.116183	-0.121758	-0.124427	-0.131914	-0.138591	-0.113849	0.009550	-0.151651	0.018470	0.024884	0.019039	-0.052531	-0.162631	0.007841	-0.121335	-0.127276	-0.081148	-0.118806	0.007995	-0.122594	-0.099656	-0.118404	0.011214	-0.118890	-0.103884	0.001101	-0.118287	-0.131727	-0.122148	-0.081993	-0.128034	-0.125128	-0.116169	0.022344	0.015823	-0.127667	-0.132648	0.019387	-0.121944	-0.129188	-0.040548	0.012916	-0.042373	-0.371261	
-0.111231	-0.108904	-0.107465	-0.157370	-0.155036	-0.153993	-0.151696	0.052229	0.052704	0.051667	0.055635	0.055442	0.049355	0.060533	-0.011658	-0.152171	-0.008002	0.021109	0.005735	0.077931	0.083782	0.098512	-0.111901	-0.105059	-0.112613	-0.116873	-0.149538	-0.123384	0.066318	0.048095	0.052448	0.992943	0.060782	0.050426	0.055310	-0.104239	-0.119356	0.098245	0.036386	0.049337	-0.131058	0.008343	-0.090869	-0.121972	-0.122905	0.025547	-0.108736	-0.110970	-0.128031	0.118172	-0.018840	0.006264	-0.131157	-0.111288	-0.129121	-0.105485	0.014523	-0.116925	-0.125857	0.146119	0.010663	-0.106237	-0.120024	-0.107910	0.021595	-0.128808	-0.095699	-0.084996	0.002657	0.008978	-0.041937	-0.077469	-0.125014	-0.126752	-0.124664	-0.117912	-0.110061	0.011946	-0.108267	0.020241	0.010474	0.019809	-0.044686	-0.065064	0.008690	-0.119985	-0.122739	-0.088845	-0.114086	0.003321	-0.058109	-0.106057	-0.132429	0.011756	-0.114898	-0.086166	0.005015	-0.122624	-0.124831	-0.116757	-0.067842	-0.116833	-0.121881	-0.112967	0.021824	0.029457	-0.125237	-0.103211	0.001497	-0.157872	-0.105038	0.280165	0.021435	-0.181549	0.803739	
-0.109403	-0.102649	-0.101086	-0.154113	-0.152460	-0.150013	-0.148461	0.043949	0.054830	0.059703	0.059280	0.051600	0.048592	0.057864	-0.012058	-0.148354	-0.008090	0.015623	0.002852	0.074881	0.078873	0.093281	-0.109502	-0.106075	-0.110005	-0.110417	-0.146222	-0.120753	0.053288	0.049896	0.056442	0.060782	0.996192	0.048205	0.036305	-0.099526	-0.116906	0.098261	0.033866	0.051855	-0.133390	0.005393	-0.147895	-0.124664	-0.131393	0.003821	-0.088730	-0.122963	-0.110543	0.067495	0.003796	0.002108	-0.131012	-0.135513	-0.129156	-0.116217	0.008953	-0.119677	-0.120229	-0.180897	0.002709	-0.120652	-0.115703	-0.117497	0.017163	-0.120702	-0.107531	-0.082189	0.002298	0.002234	-0.024708	-0.154173	-0.122983	-0.125973	-0.127756	-0.146937	-0.101300	-0.001474	-0.116965	0.010488	0.026099	0.014075	-0.055874	-0.095693	0.003935	-0.112910	-0.124094	-0.116031	-0.116655	-0.020909	-0.067076	-0.096980	-0.144989	0.005632	-0.114815	-0.111189	0.006983	-0.124608	-0.124714	-0.121315	-0.053732	-0.123308	-0.117002	-0.115528	0.014514	0.018100	-0.126785	-0.081225	-0.000950	-0.157043	-0.111759	-0.007882	-0.020823	-0.185784	0.463462	
-0.097506	-0.094645	-0.090122	-0.142757	-0.140936	-0.139104	-0.137719	0.039094	0.038616	0.048700	0.049912	0.046660	0.040819	0.042102	-0.018879	-0.136658	-0.014454	0.008786	-0.004687	0.061072	0.066695	0.080278	-0.094948	-0.095686	-0.095438	-0.097868	-0.134416	-0.105398	0.038055	0.037388	0.049732	0.050426	0.048205	0.990280	0.041671	-0.087421	-0.101185	0.079900	0.033616	0.049047	-0.143531	-0.009017	-0.092122	-0.110572	-0.104752	0.016053	-0.119168	-0.122963	-0.094664	-0.069349	-0.066512	-0.005719	-0.116529	-0.100931	-0.114004	-0.100672	0.005815	-0.110066	-0.107541	-0.323138	0.003969	-0.097740	-0.104733	-0.102385	0.002501	-0.100779	-0.094682	-0.088303	-0.006513	-0.002003	0.017367	-0.074087	-0.107874	-0.111359	-0.118724	-0.101880	-0.100067	0.000709	-0.096285	0.005872	-0.036871	0.011269	-0.033102	-0.113940	0.003974	-0.104750	-0.110597	-0.059218	-0.108139	-0.002179	-0.102076	-0.097009	-0.092808	0.001837	-0.103436	-0.081120	-0.000891	-0.106654	-0.110144	-0.110483	-0.064820	-0.111550	-0.106607	-0.104021	0.009791	0.010144	-0.111523	-0.083307	0.016216	-0.162418	-0.097669	-0.070382	0.045468	-0.216063	-0.175824	
-0.095069	-0.097303	-0.090398	-0.143649	-0.142997	-0.141165	-0.139874	0.044930	0.036710	0.048287	0.047095	0.049642	0.042333	0.041636	-0.018590	-0.138512	-0.014957	0.009045	-0.003112	0.063375	0.067386	0.080658	-0.098451	-0.094201	-0.101610	-0.101951	-0.136465	-0.106269	0.047868	0.039549	0.049459	0.055310	0.036305	0.041671	0.990675	-0.087971	-0.101617	0.082933	0.042526	0.050049	-0.147434	0.014836	-0.092332	-0.107136	-0.104608	-0.001420	-0.088192	-0.111673	-0.111776	0.174580	-0.111661	-0.003644	-0.118421	-0.095713	-0.114459	-0.102846	0.000610	-0.111223	-0.106193	0.595099	0.004342	-0.107107	-0.107082	-0.100395	0.012784	-0.103450	-0.109628	-0.092372	-0.008094	-0.002600	0.018268	-0.105587	-0.114836	-0.111125	-0.115059	-0.120371	-0.095070	0.001209	-0.130033	0.005479	-0.050396	0.009253	-0.106348	0.003209	0.000725	-0.102658	-0.112743	-0.088744	-0.103103	-0.011094	-0.110003	-0.108529	-0.096741	0.003396	-0.105022	-0.088461	0.004422	-0.110830	-0.114908	-0.116715	-0.166828	-0.106737	-0.113997	-0.101009	0.004661	-0.001051	-0.115049	-0.095861	0.005207	-0.175652	-0.089770	-0.105355	0.006568	-0.037340	0.164454	
0.229073	0.233955	0.225054	0.129346	0.131192	0.132368	0.135442	-0.109138	-0.108905	-0.113952	-0.105875	-0.100557	-0.100650	-0.109771	-0.229301	0.138839	-0.232806	-0.249040	-0.245159	-0.290497	-0.293510	-0.295645	0.227049	0.228864	0.220982	0.225792	0.147713	0.235297	-0.097383	-0.090826	-0.105890	-0.104239	-0.099526	-0.087421	-0.087971	0.886154	0.248105	-0.290148	-0.079807	-0.093443	0.189624	-0.225560	0.144281	0.157908	0.145192	-0.239147	0.162795	-0.305363	0.147705	-0.269578	-0.059084	-0.238227	0.175751	0.152104	0.167782	0.146786	-0.229871	0.145716	0.168931	0.428432	-0.235065	0.157709	0.159736	0.152557	-0.234393	0.149898	0.149855	0.100442	-0.219764	-0.233558	-0.223260	0.186787	0.151413	0.158385	0.166434	0.013741	0.150487	-0.224695	0.127187	-0.237649	-0.014939	-0.231773	-0.109048	0.211542	-0.227766	0.196962	0.154608	0.142406	0.149872	-0.230810	0.157901	0.121508	0.154796	-0.245657	0.153572	0.113871	-0.207916	0.155562	0.162930	0.160778	0.074413	0.155478	0.162370	0.207483	-0.241424	-0.230972	0.166160	0.113823	-0.204364	0.075972	0.227314	0.057672	-0.248476	0.120513	-0.659722	
