0.894430	0.220683	0.220443	0.217606	0.162456	0.162407	0.162227	0.160724	-0.123942	-0.123437	-0.126860	-0.119149	-0.112763	-0.116946	-0.122205	-0.232545	0.163731	-0.237475	-0.257039	-0.250716	-0.301678	-0.304876	-0.308913	0.214329	0.221563	0.213430	0.219323	0.168053	0.228019	-0.109742	-0.109134	-0.122529	-0.120479	-0.117656	-0.103141	-0.103809	0.220799	0.234866	-0.306620	-0.099957	-0.111385	-0.243821	0.176478	0.169210	-0.235231	-0.245140	0.156486	0.158468	-0.226544	-0.238753	0.160354	0.162858	0.174799	-0.243253	-0.239333	-0.230907	0.162938	0.148833	-0.250522	0.155653	0.168055	0.163825	0.163114	0.214328	-0.245325	-0.234744	0.168656	
0.220683	0.891434	0.224393	0.217196	0.133032	0.133718	0.134160	0.138248	-0.118591	-0.120039	-0.122695	-0.116148	-0.112240	-0.115452	-0.120472	-0.233479	0.140620	-0.237795	-0.256880	-0.250276	-0.300426	-0.303423	-0.307566	0.282196	0.222621	0.250004	0.236687	0.148006	0.226372	-0.110232	-0.106296	-0.119781	-0.118009	-0.115932	-0.105690	-0.102102	0.219638	0.231707	-0.305652	-0.093056	-0.110530	-0.243923	0.166857	0.160287	-0.239188	-0.243700	0.150620	0.144977	-0.228048	-0.240720	0.151061	0.153618	0.154628	-0.247508	-0.239019	-0.235211	0.153315	0.140883	-0.251312	0.144245	0.158582	0.151698	0.150287	0.203613	-0.244921	-0.239829	0.156344	
0.220443	0.224393	0.904253	0.254678	0.130399	0.131623	0.132553	0.136159	-0.119729	-0.119881	-0.124863	-0.118327	-0.109352	-0.112157	-0.118023	-0.231278	0.139641	-0.236176	-0.254477	-0.248126	-0.295576	-0.297439	-0.301917	0.224607	0.222738	0.217645	0.222249	0.146383	0.228890	-0.107813	-0.105333	-0.117983	-0.115194	-0.109095	-0.103340	-0.104155	0.225169	0.235556	-0.299477	-0.095345	-0.104825	-0.241729	0.164506	0.155196	-0.234051	-0.242491	0.152327	0.144024	-0.224567	-0.237140	0.148766	0.151605	0.152177	-0.244067	-0.237387	-0.233206	0.153218	0.134285	-0.249254	0.141905	0.154656	0.151441	0.148827	0.210289	-0.238500	-0.231308	0.155435	
0.217606	0.217196	0.254678	0.892295	0.127350	0.126576	0.128859	0.131731	-0.114992	-0.117683	-0.117673	-0.112445	-0.110762	-0.109077	-0.115610	-0.227839	0.134567	-0.232139	-0.249853	-0.243740	-0.291071	-0.292987	-0.296683	0.211126	0.221095	0.210736	0.217268	0.142380	0.221663	-0.102253	-0.101896	-0.113720	-0.113348	-0.107491	-0.098053	-0.096978	0.216119	0.228998	-0.294814	-0.089784	-0.103101	-0.238180	0.162382	0.151484	-0.225911	-0.234917	0.152115	0.142342	-0.221904	-0.231345	0.148526	0.143665	0.155712	-0.237338	-0.231812	-0.226681	0.147502	0.136574	-0.240372	0.140250	0.152772	0.152560	0.149586	0.201385	-0.236812	-0.237528	0.151249	
0.162456	0.133032	0.130399	0.127350	1.026444	0.482179	0.432468	0.391121	-0.163403	-0.162488	-0.167972	-0.161349	-0.155694	-0.159245	-0.163533	-0.211122	0.387743	-0.217237	-0.243017	-0.233649	-0.297061	-0.300751	-0.306158	0.131828	0.134775	0.129963	0.138688	0.358584	0.185445	-0.155307	-0.150505	-0.161827	-0.161312	-0.157994	-0.148153	-0.148099	0.124731	0.164465	-0.306095	-0.142331	-0.154761	-0.229923	0.235244	0.227966	-0.226633	-0.232208	0.212493	0.206234	-0.215699	-0.223622	0.214557	0.215163	0.225237	-0.233830	-0.229686	-0.226440	0.213067	0.193935	-0.235256	0.207239	0.222175	0.208732	0.217191	0.141406	-0.236400	-0.236553	0.219777	
0.162407	0.133718	0.131623	0.126576	0.482179	0.999485	0.424062	0.386973	-0.161702	-0.161005	-0.166114	-0.160381	-0.153634	-0.157707	-0.161273	-0.209368	0.382569	-0.214891	-0.240738	-0.231028	-0.294814	-0.298879	-0.304576	0.132037	0.134992	0.129765	0.139327	0.354892	0.185652	-0.152916	-0.149301	-0.159329	-0.158941	-0.156307	-0.146637	-0.147161	0.125710	0.166059	-0.304360	-0.140758	-0.153974	-0.227856	0.234278	0.226787	-0.226783	-0.232439	0.213275	0.203680	-0.214231	-0.221658	0.212233	0.215255	0.223478	-0.235249	-0.228974	-0.221069	0.215993	0.188760	-0.233630	0.204857	0.222365	0.202770	0.211160	0.135883	-0.233773	-0.234271	0.222196	
0.162227	0.134160	0.132553	0.128859	0.432468	0.424062	0.978415	0.388318	-0.160213	-0.159763	-0.164256	-0.158584	-0.151783	-0.156176	-0.160255	-0.207052	0.383698	-0.213251	-0.239214	-0.229313	-0.292687	-0.297101	-0.302311	0.133414	0.138675	0.132892	0.140914	0.359019	0.188160	-0.151682	-0.147473	-0.157759	-0.158232	-0.153878	-0.144442	-0.144714	0.127735	0.167893	-0.302215	-0.139216	-0.151838	-0.225794	0.235027	0.233878	-0.222934	-0.225472	0.213562	0.202476	-0.212480	-0.221772	0.215512	0.219219	0.232313	-0.229123	-0.225994	-0.223360	0.213293	0.197513	-0.233397	0.210167	0.218366	0.206700	0.209439	0.140962	-0.233255	-0.231150	0.220838	
0.160724	0.138248	0.136159	0.131731	0.391121	0.386973	0.388318	0.967343	-0.157764	-0.158271	-0.162458	-0.156572	-0.149469	-0.154288	-0.158069	-0.207397	0.392472	-0.213380	-0.238407	-0.229164	-0.292805	-0.297061	-0.302297	0.136236	0.141303	0.134480	0.144404	0.364465	0.189990	-0.149206	-0.145343	-0.155598	-0.154910	-0.152071	-0.142754	-0.143920	0.130283	0.171237	-0.302070	-0.137064	-0.149375	-0.225252	0.234595	0.230571	-0.224084	-0.229915	0.206296	0.207246	-0.211577	-0.218944	0.222511	0.222992	0.216513	-0.228676	-0.225698	-0.219454	0.218509	0.193503	-0.232020	0.209672	0.221362	0.212008	0.207684	0.142443	-0.229031	-0.233945	0.226303	
-0.123942	-0.118591	-0.119729	-0.114992	-0.163403	-0.161702	-0.160213	-0.157764	1.012684	0.071802	0.064347	0.065551	0.057606	0.058319	0.060000	0.009941	-0.157964	0.013809	0.038180	0.025609	0.092611	0.100341	0.111446	-0.122015	-0.117809	-0.125506	-0.128221	-0.155041	-0.134362	0.057855	0.056552	0.057153	0.057166	0.047910	0.043637	0.049377	-0.114009	-0.130300	0.113244	0.051742	0.050783	0.021037	-0.141663	-0.140574	0.030857	0.028420	-0.125189	-0.126015	0.015565	0.020655	-0.133744	-0.134871	-0.140520	0.030651	0.029433	0.018206	-0.135254	-0.126975	0.022113	-0.129879	-0.138385	-0.135313	-0.133827	-0.129235	0.033699	0.031575	-0.136169	
-0.123437	-0.120039	-0.119881	-0.117683	-0.162488	-0.161005	-0.159763	-0.158271	0.071802	1.012415	0.067428	0.067627	0.053507	0.062185	0.065647	0.006934	-0.157517	0.010900	0.035795	0.023989	0.094310	0.099895	0.110046	-0.120941	-0.122457	-0.123072	-0.124641	-0.155237	-0.132969	0.062497	0.053128	0.055813	0.057119	0.060294	0.044386	0.041366	-0.115807	-0.131173	0.114120	0.041194	0.054199	0.018814	-0.138610	-0.136274	0.021786	0.023321	-0.130824	-0.122261	0.015990	0.021039	-0.127301	-0.131932	-0.137614	0.031224	0.032166	0.023229	-0.133760	-0.122363	0.024576	-0.124523	-0.135427	-0.131011	-0.130332	-0.122858	0.029662	0.027957	-0.133238	
-0.126860	-0.122695	-0.124863	-0.117673	-0.167972	-0.166114	-0.164256	-0.162458	0.064347	0.067428	1.012287	0.067057	0.061729	0.062108	0.058256	0.005734	-0.161876	0.010184	0.037177	0.024476	0.098989	0.105823	0.122416	-0.123967	-0.124979	-0.126292	-0.132157	-0.160961	-0.139024	0.056145	0.060131	0.065573	0.056949	0.064168	0.053942	0.053368	-0.119885	-0.135345	0.124368	0.048312	0.059291	0.017596	-0.144280	-0.140879	0.029368	0.029549	-0.130129	-0.126151	0.018136	0.020683	-0.135505	-0.135971	-0.141677	0.028409	0.031323	0.021977	-0.137379	-0.125519	0.026116	-0.128092	-0.140980	-0.139016	-0.136424	-0.127569	0.029486	0.038427	-0.136183	
-0.119149	-0.116148	-0.118327	-0.112445	-0.161349	-0.160381	-0.158584	-0.156572	0.065551	0.067627	0.067057	1.002465	0.060333	0.059085	0.057958	-0.001015	-0.156900	0.002657	0.030057	0.017486	0.089616	0.092257	0.104952	-0.120626	-0.116460	-0.122484	-0.124259	-0.154809	-0.130927	0.054486	0.055318	0.060255	0.060306	0.064128	0.055047	0.051428	-0.112573	-0.127940	0.111985	0.044376	0.058355	0.014500	-0.134739	-0.135173	0.025841	0.016260	-0.121845	-0.120630	0.012331	0.014827	-0.128809	-0.127511	-0.132843	0.019933	0.024206	0.020369	-0.133403	-0.118673	0.019238	-0.124078	-0.132562	-0.129772	-0.126509	-0.126326	0.021021	0.016962	-0.127302	
-0.112763	-0.112240	-0.109352	-0.110762	-0.155694	-0.153634	-0.151783	-0.149469	0.057606	0.053507	0.061729	0.060333	1.007731	0.054705	0.058351	-0.004685	-0.149869	0.000406	0.023897	0.013518	0.077636	0.087904	0.099406	-0.111473	-0.113087	-0.111603	-0.116874	-0.147533	-0.123508	0.047368	0.048236	0.059641	0.059839	0.056461	0.052383	0.053417	-0.106323	-0.120039	0.102320	0.040824	0.046583	0.007028	-0.130900	-0.132356	0.014775	0.023300	-0.123413	-0.115147	0.004431	0.007536	-0.119439	-0.125225	-0.133054	0.015523	0.018890	0.016807	-0.121242	-0.118983	0.011248	-0.116045	-0.128055	-0.128309	-0.118276	-0.115652	0.017195	0.009270	-0.124419	
-0.116946	-0.115452	-0.112157	-0.109077	-0.159245	-0.157707	-0.156176	-0.154288	0.058319	0.062185	0.062108	0.059085	0.054705	1.016152	0.057787	-0.000015	-0.152597	0.004153	0.028029	0.017064	0.087789	0.096944	0.106830	-0.116325	-0.115595	-0.116648	-0.119854	-0.151132	-0.127113	0.057292	0.045959	0.058990	0.052427	0.051015	0.045303	0.045507	-0.105430	-0.123736	0.112621	0.040370	0.051848	0.012051	-0.135232	-0.137206	0.020513	0.016259	-0.122835	-0.119217	0.008433	0.012336	-0.127625	-0.129817	-0.132958	0.021899	0.024113	0.019431	-0.129238	-0.127299	0.018398	-0.121401	-0.133005	-0.126012	-0.130088	-0.120376	0.021635	0.022743	-0.129413	
-0.122205	-0.120472	-0.118023	-0.115610	-0.163533	-0.161273	-0.160255	-0.158069	0.060000	0.065647	0.058256	0.057958	0.058351	0.057787	1.016661	0.003762	-0.157833	0.009126	0.035885	0.022066	0.095467	0.095510	0.110970	-0.118203	-0.122275	-0.120915	-0.123724	-0.155941	-0.132582	0.057431	0.059225	0.056544	0.066294	0.062929	0.046963	0.047164	-0.115974	-0.127271	0.112522	0.045560	0.052991	0.018094	-0.138125	-0.136568	0.027576	0.017325	-0.132273	-0.122596	0.019311	0.019289	-0.132028	-0.128490	-0.136246	0.024280	0.027747	0.022362	-0.135977	-0.126069	0.029808	-0.126232	-0.134587	-0.131067	-0.128098	-0.119025	0.029320	0.034686	-0.134134	
-0.232545	-0.233479	-0.231278	-0.227839	-0.211122	-0.209368	-0.207052	-0.207397	0.009941	0.006934	0.005734	-0.001015	-0.004685	-0.000015	0.003762	1.167492	-0.208215	0.605659	0.460604	0.519259	0.276230	0.263778	0.221422	-0.232645	-0.230877	-0.231765	-0.233107	-0.209656	-0.236171	-0.008011	-0.010067	-0.001335	-0.002851	-0.003469	-0.009748	-0.009842	-0.229066	-0.236888	0.212164	-0.011085	-0.007664	0.450468	-0.211733	-0.211099	0.388894	0.403272	-0.200934	-0.196725	0.393538	0.413347	-0.205137	-0.207537	-0.216375	0.391840	0.396888	0.393800	-0.205477	-0.195599	0.416389	-0.195116	-0.211680	-0.207697	-0.202752	-0.227679	0.395254	0.381436	-0.208834	
0.163731	0.140620	0.139641	0.134567	0.387743	0.382569	0.383698	0.392472	-0.157964	-0.157517	-0.161876	-0.156900	-0.149869	-0.152597	-0.157833	-0.208215	0.958099	-0.213803	-0.239828	-0.230355	-0.293328	-0.297315	-0.302659	0.139359	0.143524	0.137406	0.146437	0.364369	0.195163	-0.149040	-0.145234	-0.155508	-0.156063	-0.152128	-0.142068	-0.142757	0.134289	0.175053	-0.302750	-0.136453	-0.148401	-0.226467	0.238575	0.231124	-0.224858	-0.227447	0.222471	0.211887	-0.214050	-0.220480	0.226668	0.225677	0.229405	-0.232631	-0.226963	-0.222092	0.217427	0.196683	-0.232446	0.211825	0.225020	0.210138	0.214864	0.148082	-0.232158	-0.235800	0.225784	
-0.237475	-0.237795	-0.236176	-0.232139	-0.217237	-0.214891	-0.213251	-0.213380	0.013809	0.010900	0.010184	0.002657	0.000406	0.004153	0.009126	0.605659	-0.213803	1.154502	0.458515	0.516562	0.287126	0.267967	0.234105	-0.236168	-0.235259	-0.236433	-0.237513	-0.215312	-0.241173	-0.003798	-0.005598	0.004428	0.001543	0.000505	-0.004846	-0.005844	-0.232936	-0.242220	0.218602	-0.006106	-0.002190	0.443180	-0.215950	-0.214984	0.391946	0.406655	-0.201324	-0.199487	0.394418	0.406467	-0.209759	-0.208501	-0.219311	0.391625	0.394758	0.386630	-0.210057	-0.197035	0.416993	-0.199404	-0.215562	-0.213822	-0.204920	-0.234574	0.384748	0.381369	-0.211779	
-0.257039	-0.256880	-0.254477	-0.249853	-0.243017	-0.240738	-0.239214	-0.238407	0.038180	0.035795	0.037177	0.030057	0.023897	0.028029	0.035885	0.460604	-0.239828	0.458515	1.127932	0.458148	0.335485	0.321867	0.292595	-0.255283	-0.253805	-0.254555	-0.256739	-0.241236	-0.264703	0.021796	0.018242	0.028373	0.030607	0.024460	0.018858	0.017586	-0.249895	-0.264230	0.285418	0.017332	0.023383	0.395826	-0.238903	-0.235949	0.369816	0.370882	-0.223009	-0.219381	0.360112	0.372469	-0.229265	-0.230046	-0.242057	0.371761	0.369128	0.359256	-0.229797	-0.217276	0.401848	-0.219164	-0.233436	-0.228971	-0.227002	-0.250349	0.368091	0.352507	-0.230213	
-0.250716	-0.250276	-0.248126	-0.243740	-0.233649	-0.231028	-0.229313	-0.229164	0.025609	0.023989	0.024476	0.017486	0.013518	0.017064	0.022066	0.519259	-0.230355	0.516562	0.458148	1.171127	0.314140	0.298706	0.266497	-0.248942	-0.247675	-0.248464	-0.250646	-0.231545	-0.256041	0.009282	0.005891	0.015351	0.014559	0.012178	0.005178	0.005646	-0.245541	-0.256212	0.254439	0.003764	0.008618	0.430915	-0.230494	-0.230494	0.380587	0.392558	-0.217236	-0.213823	0.388205	0.398837	-0.219653	-0.223647	-0.234560	0.387592	0.388637	0.371793	-0.223232	-0.214131	0.404998	-0.211083	-0.228380	-0.224640	-0.221304	-0.243579	0.379696	0.370509	-0.223343	
-0.301678	-0.300426	-0.295576	-0.291071	-0.297061	-0.294814	-0.292687	-0.292805	0.092611	0.094310	0.098989	0.089616	0.077636	0.087789	0.095467	0.276230	-0.293328	0.287126	0.335485	0.314140	1.203804	0.447927	0.440588	-0.297208	-0.296764	-0.297874	-0.301055	-0.294636	-0.316110	0.074238	0.074690	0.088860	0.087782	0.084079	0.072649	0.073053	-0.292718	-0.315993	0.432900	0.064845	0.076719	0.275377	-0.289355	-0.284978	0.260953	0.266008	-0.272376	-0.264861	0.249663	0.269611	-0.272695	-0.279111	-0.286984	0.281366	0.276228	0.272517	-0.278023	-0.261379	0.285862	-0.263790	-0.281420	-0.276757	-0.277374	-0.301129	0.274489	0.265274	-0.279310	
-0.304876	-0.303423	-0.297439	-0.292987	-0.300751	-0.298879	-0.297101	-0.297061	0.100341	0.099895	0.105823	0.092257	0.087904	0.096944	0.095510	0.263778	-0.297315	0.267967	0.321867	0.298706	0.447927	1.205047	0.454979	-0.299700	-0.299592	-0.301017	-0.303617	-0.298707	-0.319904	0.081546	0.079091	0.095356	0.094080	0.088727	0.076972	0.076045	-0.295923	-0.320499	0.452613	0.069329	0.082514	0.269205	-0.292214	-0.287644	0.256216	0.252825	-0.274363	-0.267575	0.236572	0.262398	-0.278070	-0.280375	-0.289421	0.259456	0.266359	0.254712	-0.278940	-0.264925	0.277399	-0.266758	-0.284498	-0.276586	-0.275227	-0.301615	0.266517	0.263498	-0.283720	
-0.308913	-0.307566	-0.301917	-0.296683	-0.306158	-0.304576	-0.302311	-0.302297	0.111446	0.110046	0.122416	0.104952	0.099406	0.106830	0.110970	0.221422	-0.302659	0.234105	0.292595	0.266497	0.440588	0.454979	1.217325	-0.302959	-0.302559	-0.303763	-0.307864	-0.304234	-0.324940	0.094581	0.088392	0.108991	0.107329	0.101208	0.090343	0.089509	-0.298289	-0.325690	0.477762	0.080464	0.095811	0.237356	-0.297519	-0.291714	0.231943	0.228212	-0.274636	-0.271849	0.218923	0.231585	-0.282275	-0.284374	-0.295019	0.243354	0.240060	0.231940	-0.282130	-0.265079	0.253445	-0.271019	-0.288946	-0.278511	-0.283884	-0.306214	0.245011	0.233071	-0.287860	
0.214329	0.282196	0.224607	0.211126	0.131828	0.132037	0.133414	0.136236	-0.122015	-0.120941	-0.123967	-0.120626	-0.111473	-0.116325	-0.118203	-0.232645	0.139359	-0.236168	-0.255283	-0.248942	-0.297208	-0.299700	-0.302959	0.900400	0.228741	0.260737	0.229030	0.147285	0.223086	-0.110537	-0.105853	-0.119481	-0.118283	-0.115720	-0.103515	-0.105645	0.219022	0.226661	-0.302621	-0.094485	-0.110180	-0.241954	0.164752	0.161156	-0.234605	-0.235665	0.148265	0.146947	-0.223411	-0.236915	0.146303	0.152276	0.154979	-0.242637	-0.237489	-0.233861	0.147929	0.139823	-0.249091	0.142409	0.152679	0.150378	0.155344	0.200606	-0.244016	-0.241106	0.156960	
0.221563	0.222621	0.222738	0.221095	0.134775	0.134992	0.138675	0.141303	-0.117809	-0.122457	-0.124979	-0.116460	-0.113087	-0.115595	-0.122275	-0.230877	0.143524	-0.235259	-0.253805	-0.247675	-0.296764	-0.299592	-0.302559	0.228741	0.891036	0.230886	0.242533	0.151762	0.227183	-0.107312	-0.105422	-0.117470	-0.111563	-0.111885	-0.103487	-0.101253	0.220747	0.234030	-0.301608	-0.095293	-0.109547	-0.240455	0.170770	0.165353	-0.236260	-0.239044	0.156200	0.151473	-0.223953	-0.237999	0.147014	0.160835	0.160699	-0.244982	-0.237692	-0.232980	0.156846	0.148146	-0.251965	0.145548	0.160692	0.158262	0.160183	0.208895	-0.242746	-0.239700	0.158733	
0.213430	0.250004	0.217645	0.210736	0.129963	0.129765	0.132892	0.134480	-0.125506	-0.123072	-0.126292	-0.122484	-0.111603	-0.116648	-0.120915	-0.231765	0.137406	-0.236433	-0.254555	-0.248464	-0.297874	-0.301017	-0.303763	0.260737	0.230886	0.900976	0.316423	0.145413	0.220292	-0.114585	-0.107626	-0.119129	-0.118621	-0.115720	-0.103662	-0.109005	0.212617	0.224396	-0.301922	-0.097742	-0.111742	-0.241499	0.162687	0.158727	-0.236405	-0.238949	0.148936	0.142865	-0.224000	-0.238207	0.146427	0.146492	0.150604	-0.244465	-0.237521	-0.233432	0.147502	0.139946	-0.250498	0.145179	0.155011	0.149577	0.151011	0.205818	-0.238757	-0.240361	0.156879	
0.219323	0.236687	0.222249	0.217268	0.138688	0.139327	0.140914	0.144404	-0.128221	-0.124641	-0.132157	-0.124259	-0.116874	-0.119854	-0.123724	-0.233107	0.146437	-0.237513	-0.256739	-0.250646	-0.301055	-0.303617	-0.307864	0.229030	0.242533	0.316423	0.901027	0.154695	0.228767	-0.111291	-0.110784	-0.122028	-0.123033	-0.116672	-0.106033	-0.108639	0.216923	0.232007	-0.305859	-0.101335	-0.115578	-0.244303	0.171990	0.163651	-0.235863	-0.241763	0.153708	0.154494	-0.227433	-0.240353	0.161224	0.159394	0.168096	-0.244761	-0.239772	-0.233039	0.154956	0.143579	-0.249549	0.144269	0.163602	0.155356	0.157378	0.206042	-0.244983	-0.241157	0.162959	
0.168053	0.148006	0.146383	0.142380	0.358584	0.354892	0.359019	0.364465	-0.155041	-0.155237	-0.160961	-0.154809	-0.147533	-0.151132	-0.155941	-0.209656	0.364369	-0.215312	-0.241236	-0.231545	-0.294636	-0.298707	-0.304234	0.147285	0.151762	0.145413	0.154695	0.954440	0.206222	-0.146844	-0.142773	-0.152693	-0.153778	-0.149814	-0.139797	-0.140577	0.142387	0.183693	-0.304049	-0.133507	-0.147196	-0.228949	0.242976	0.239092	-0.227822	-0.231437	0.219382	0.216955	-0.213021	-0.222431	0.228336	0.226769	0.227898	-0.232075	-0.227644	-0.217355	0.228166	0.210160	-0.233248	0.218328	0.229292	0.223178	0.213800	0.149791	-0.234649	-0.226713	0.230083	
0.228019	0.226372	0.228890	0.221663	0.185445	0.185652	0.188160	0.189990	-0.134362	-0.132969	-0.139024	-0.130927	-0.123508	-0.127113	-0.132582	-0.236171	0.195163	-0.241173	-0.264703	-0.256041	-0.316110	-0.319904	-0.324940	0.223086	0.227183	0.220292	0.228767	0.206222	0.843907	-0.122585	-0.117192	-0.129957	-0.129696	-0.126813	-0.113573	-0.113469	0.227862	0.284741	-0.323343	-0.106999	-0.123227	-0.249963	0.214284	0.207935	-0.243570	-0.246065	0.200199	0.188851	-0.231719	-0.243415	0.192695	0.204796	0.207058	-0.252611	-0.246034	-0.240752	0.200299	0.181652	-0.255622	0.187569	0.204004	0.199427	0.199170	0.223964	-0.251557	-0.247250	0.205066	
-0.109742	-0.110232	-0.107813	-0.102253	-0.155307	-0.152916	-0.151682	-0.149206	0.057855	0.062497	0.056145	0.054486	0.047368	0.057292	0.057431	-0.008011	-0.149040	-0.003798	0.021796	0.009282	0.074238	0.081546	0.094581	-0.110537	-0.107312	-0.114585	-0.111291	-0.146844	-0.122585	0.996161	0.044973	0.061128	0.070465	0.055810	0.042910	0.052643	-0.103823	-0.115789	0.099654	0.040694	0.055931	0.004991	-0.127868	-0.124410	0.010779	0.015170	-0.112496	-0.111541	0.003565	0.009241	-0.117195	-0.119237	-0.122672	0.010578	0.013911	0.008009	-0.120515	-0.110415	0.008354	-0.112583	-0.124983	-0.118837	-0.119314	-0.107115	0.015293	0.017844	-0.124203	
-0.109134	-0.106296	-0.105333	-0.101896	-0.150505	-0.149301	-0.147473	-0.145343	0.056552	0.053128	0.060131	0.055318	0.048236	0.045959	0.059225	-0.010067	-0.145234	-0.005598	0.018242	0.005891	0.074690	0.079091	0.088392	-0.105853	-0.105422	-0.107626	-0.110784	-0.142773	-0.117192	0.044973	0.995298	0.059697	0.053262	0.054393	0.042445	0.044856	-0.098456	-0.112870	0.092414	0.046903	0.059310	0.001404	-0.122824	-0.120980	0.003490	0.014342	-0.114896	-0.107947	-0.001247	0.004894	-0.113383	-0.113311	-0.114836	0.013787	0.010805	0.010245	-0.115873	-0.101810	0.003072	-0.106461	-0.119684	-0.113499	-0.115596	-0.107725	0.011339	0.018018	-0.117331	
-0.122529	-0.119781	-0.117983	-0.113720	-0.161827	-0.159329	-0.157759	-0.155598	0.057153	0.055813	0.065573	0.060255	0.059641	0.058990	0.056544	-0.001335	-0.155508	0.004428	0.028373	0.015351	0.088860	0.095356	0.108991	-0.119481	-0.117470	-0.119129	-0.122028	-0.152693	-0.129957	0.061128	0.059697	1.004225	0.057334	0.062235	0.055961	0.054485	-0.112344	-0.126739	0.112972	0.047138	0.055845	0.014585	-0.135432	-0.133382	0.016757	0.014428	-0.123113	-0.115731	0.011513	0.013594	-0.122371	-0.126865	-0.134046	0.026699	0.026746	0.013454	-0.127485	-0.119745	0.019257	-0.119995	-0.133028	-0.124472	-0.127315	-0.121008	0.028359	0.023063	-0.130634	
-0.120479	-0.118009	-0.115194	-0.113348	-0.161312	-0.158941	-0.158232	-0.154910	0.057166	0.057119	0.056949	0.060306	0.059839	0.052427	0.066294	-0.002851	-0.156063	0.001543	0.030607	0.014559	0.087782	0.094080	0.107329	-0.118283	-0.111563	-0.118621	-0.123033	-0.153778	-0.129696	0.070465	0.053262	0.057334	1.000489	0.064918	0.056245	0.059378	-0.110810	-0.126437	0.108020	0.040565	0.054154	0.013574	-0.132647	-0.130165	0.021039	0.015780	-0.120883	-0.110597	0.008825	0.015950	-0.123812	-0.127909	-0.125808	0.027520	0.026217	0.015839	-0.125161	-0.114234	0.019060	-0.116880	-0.127424	-0.118028	-0.125155	-0.117140	0.027131	0.037883	-0.128243	
-0.117656	-0.115932	-0.109095	-0.107491	-0.157994	-0.156307	-0.153878	-0.152071	0.047910	0.060294	0.064168	0.064128	0.056461	0.051015	0.062929	-0.003469	-0.152128	0.000505	0.024460	0.012178	0.084079	0.088727	0.101208	-0.115720	-0.111885	-0.115720	-0.116672	-0.149814	-0.126813	0.055810	0.054393	0.062235	0.064918	1.001301	0.053736	0.040538	-0.105574	-0.123216	0.108098	0.037529	0.056924	0.010141	-0.132806	-0.129999	0.015632	0.008412	-0.118237	-0.118894	0.009481	0.009879	-0.124252	-0.128346	-0.128217	0.017781	0.021861	0.011444	-0.125492	-0.116027	0.013663	-0.116181	-0.125911	-0.122830	-0.119715	-0.118488	0.022225	0.023896	-0.128889	
-0.103141	-0.105690	-0.103340	-0.098053	-0.148153	-0.146637	-0.144442	-0.142754	0.043637	0.044386	0.053942	0.055047	0.052383	0.045303	0.046963	-0.009748	-0.142068	-0.004846	0.018858	0.005178	0.072649	0.076972	0.090343	-0.103515	-0.103487	-0.103662	-0.106033	-0.139797	-0.113573	0.042910	0.042445	0.055961	0.056245	0.053736	0.995088	0.047285	-0.095761	-0.109536	0.090707	0.037002	0.055264	0.001631	-0.118661	-0.116488	0.012399	0.012024	-0.106881	-0.104229	-0.000750	0.004501	-0.110095	-0.113712	-0.122354	0.013816	0.018272	0.010224	-0.113292	-0.108637	0.009293	-0.105106	-0.112862	-0.112123	-0.108262	-0.107288	0.015067	0.018769	-0.114058	
-0.103809	-0.102102	-0.104155	-0.096978	-0.148099	-0.147161	-0.144714	-0.143920	0.049377	0.041366	0.053368	0.051428	0.053417	0.045507	0.047164	-0.009842	-0.142757	-0.005844	0.017586	0.005646	0.073053	0.076045	0.089509	-0.105645	-0.101253	-0.109005	-0.108639	-0.140577	-0.113469	0.052643	0.044856	0.054485	0.059378	0.040538	0.047285	0.995538	-0.095408	-0.109068	0.092073	0.045335	0.056423	0.002947	-0.120712	-0.116946	0.007797	0.010801	-0.109498	-0.102576	-0.002157	0.004432	-0.117513	-0.111993	-0.118309	0.009801	0.015785	0.007881	-0.114080	-0.105105	0.011407	-0.106915	-0.116948	-0.119083	-0.115348	-0.102821	0.011198	0.007240	-0.118005	
0.220799	0.219638	0.225169	0.216119	0.124731	0.125710	0.127735	0.130283	-0.114009	-0.115807	-0.119885	-0.112573	-0.106323	-0.105430	-0.115974	-0.229066	0.134289	-0.232936	-0.249895	-0.245541	-0.292718	-0.295923	-0.298289	0.219022	0.220747	0.212617	0.216923	0.142387	0.227862	-0.103823	-0.098456	-0.112344	-0.110810	-0.105574	-0.095761	-0.095408	0.876743	0.239660	-0.293729	-0.085273	-0.101322	-0.237425	0.166956	0.159576	-0.228591	-0.233661	0.152804	0.145222	-0.219074	-0.233251	0.143149	0.150684	0.159236	-0.236627	-0.230928	-0.226419	0.145687	0.143853	-0.244297	0.145942	0.153933	0.152736	0.155370	0.199488	-0.239848	-0.230153	0.157788	
0.234866	0.231707	0.235556	0.228998	0.164465	0.166059	0.167893	0.171237	-0.130300	-0.131173	-0.135345	-0.127940	-0.120039	-0.123736	-0.127271	-0.236888	0.175053	-0.242220	-0.264230	-0.256212	-0.315993	-0.320499	-0.325690	0.226661	0.234030	0.224396	0.232007	0.183693	0.284741	-0.115789	-0.112870	-0.126739	-0.126437	-0.123216	-0.109536	-0.109068	0.239660	0.846214	-0.321724	-0.101924	-0.115428	-0.247568	0.208239	0.202683	-0.242918	-0.248471	0.192908	0.182390	-0.228853	-0.243492	0.187982	0.194069	0.198726	-0.249675	-0.244248	-0.240549	0.193458	0.180172	-0.254871	0.183184	0.199425	0.192930	0.191164	0.226791	-0.248574	-0.247459	0.197983	
-0.306620	-0.305652	-0.299477	-0.294814	-0.306095	-0.304360	-0.302215	-0.302070	0.113244	0.114120	0.124368	0.111985	0.102320	0.112621	0.112522	0.212164	-0.302750	0.218602	0.285418	0.254439	0.432900	0.452613	0.477762	-0.302621	-0.301608	-0.301922	-0.305859	-0.304049	-0.323343	0.099654	0.092414	0.112972	0.108020	0.108098	0.090707	0.092073	-0.293729	-0.321724	1.188613	0.086049	0.101225	0.231018	-0.293654	-0.290842	0.224571	0.221826	-0.272986	-0.268801	0.208104	0.226647	-0.276461	-0.281412	-0.289677	0.237783	0.238717	0.223586	-0.280855	-0.261838	0.243884	-0.266666	-0.284324	-0.276915	-0.279290	-0.301894	0.241182	0.229121	-0.285418	
-0.099957	-0.093056	-0.095345	-0.089784	-0.142331	-0.140758	-0.139216	-0.137064	0.051742	0.041194	0.048312	0.044376	0.040824	0.040370	0.045560	-0.011085	-0.136453	-0.006106	0.017332	0.003764	0.064845	0.069329	0.080464	-0.094485	-0.095293	-0.097742	-0.101335	-0.133507	-0.106999	0.040694	0.046903	0.047138	0.040565	0.037529	0.037002	0.045335	-0.085273	-0.101924	0.086049	0.989659	0.046209	0.003016	-0.115633	-0.115184	0.007379	0.009376	-0.110733	-0.102641	-0.001004	0.004496	-0.112964	-0.112779	-0.115371	0.009445	0.013986	0.006343	-0.110151	-0.100856	0.005354	-0.101635	-0.113982	-0.108211	-0.111631	-0.097129	0.013718	0.012070	-0.109582	
-0.111385	-0.110530	-0.104825	-0.103101	-0.154761	-0.153974	-0.151838	-0.149375	0.050783	0.054199	0.059291	0.058355	0.046583	0.051848	0.052991	-0.007664	-0.148401	-0.002190	0.023383	0.008618	0.076719	0.082514	0.095811	-0.110180	-0.109547	-0.111742	-0.115578	-0.147196	-0.123227	0.055931	0.059310	0.055845	0.054154	0.056924	0.055264	0.056423	-0.101322	-0.115428	0.101225	0.046209	0.988837	0.007229	-0.124669	-0.122454	0.014199	0.019328	-0.110820	-0.111519	0.003447	0.005140	-0.115111	-0.115660	-0.118947	0.016693	0.017055	0.012944	-0.116370	-0.108627	0.012710	-0.105486	-0.118781	-0.113183	-0.113833	-0.111612	0.021070	0.018555	-0.120078	
-0.243821	-0.243923	-0.241729	-0.238180	-0.229923	-0.227856	-0.225794	-0.225252	0.021037	0.018814	0.017596	0.014500	0.007028	0.012051	0.018094	0.450468	-0.226467	0.443180	0.395826	0.430915	0.275377	0.269205	0.237356	-0.241954	-0.240455	-0.241499	-0.244303	-0.228949	-0.249963	0.004991	0.001404	0.014585	0.013574	0.010141	0.001631	0.002947	-0.237425	-0.247568	0.231018	0.003016	0.007229	1.071472	-0.207132	-0.201062	0.394126	0.382931	-0.187150	-0.184223	0.373974	0.395542	-0.190577	-0.186218	-0.195518	0.367794	0.375284	0.359498	-0.193216	-0.174798	0.364103	-0.176470	-0.200353	-0.191571	-0.195508	-0.212564	0.371177	0.376664	-0.193410	
0.176478	0.166857	0.164506	0.162382	0.235244	0.234278	0.235027	0.234595	-0.141663	-0.138610	-0.144280	-0.134739	-0.130900	-0.135232	-0.138125	-0.211733	0.238575	-0.215950	-0.238903	-0.230494	-0.289355	-0.292214	-0.297519	0.164752	0.170770	0.162687	0.171990	0.242976	0.214284	-0.127868	-0.122824	-0.135432	-0.132647	-0.132806	-0.118661	-0.120712	0.166956	0.208239	-0.293654	-0.115633	-0.124669	-0.207132	0.818221	0.256046	-0.186086	-0.197147	0.230490	0.240401	-0.187280	-0.196521	0.234247	0.246513	0.250729	-0.205005	-0.201254	-0.185992	0.244270	0.233184	-0.209332	0.240944	0.258235	0.246970	0.253035	0.203630	-0.205519	-0.203736	0.258853	
0.169210	0.160287	0.155196	0.151484	0.227966	0.226787	0.233878	0.230571	-0.140574	-0.136274	-0.140879	-0.135173	-0.132356	-0.137206	-0.136568	-0.211099	0.231124	-0.214984	-0.235949	-0.230494	-0.284978	-0.287644	-0.291714	0.161156	0.165353	0.158727	0.163651	0.239092	0.207935	-0.124410	-0.120980	-0.133382	-0.130165	-0.129999	-0.116488	-0.116946	0.159576	0.202683	-0.290842	-0.115184	-0.122454	-0.201062	0.256046	0.800417	-0.184314	-0.184829	0.223935	0.212338	-0.187590	-0.191964	0.223038	0.230668	0.256655	-0.193074	-0.190940	-0.172775	0.235441	0.216443	-0.207751	0.223643	0.246738	0.229191	0.249753	0.204431	-0.185339	-0.182128	0.237775	
-0.235231	-0.239188	-0.234051	-0.225911	-0.226633	-0.226783	-0.222934	-0.224084	0.030857	0.021786	0.029368	0.025841	0.014775	0.020513	0.027576	0.388894	-0.224858	0.391946	0.369816	0.380587	0.260953	0.256216	0.231943	-0.234605	-0.236260	-0.236405	-0.235863	-0.227822	-0.243570	0.010779	0.003490	0.016757	0.021039	0.015632	0.012399	0.007797	-0.228591	-0.242918	0.224571	0.007379	0.014199	0.394126	-0.186086	-0.184314	0.961007	0.372283	-0.162781	-0.155171	0.361334	0.375979	-0.180211	-0.147811	-0.150440	0.352822	0.347147	0.367083	-0.161271	-0.131208	0.342823	-0.140838	-0.175635	-0.160407	-0.148210	-0.175674	0.335094	0.374127	-0.177717	
-0.245140	-0.243700	-0.242491	-0.234917	-0.232208	-0.232439	-0.225472	-0.229915	0.028420	0.023321	0.029549	0.016260	0.023300	0.016259	0.017325	0.403272	-0.227447	0.406655	0.370882	0.392558	0.266008	0.252825	0.228212	-0.235665	-0.239044	-0.238949	-0.241763	-0.231437	-0.246065	0.015170	0.014342	0.014428	0.015780	0.008412	0.012024	0.010801	-0.233661	-0.248471	0.221826	0.009376	0.019328	0.382931	-0.197147	-0.184829	0.372283	1.007516	-0.168398	-0.178202	0.385494	0.369752	-0.181240	-0.172936	-0.174093	0.387498	0.361007	0.359252	-0.162964	-0.124487	0.354422	-0.140961	-0.176873	-0.192788	-0.183744	-0.164315	0.337867	0.374610	-0.167356	
0.156486	0.150620	0.152327	0.152115	0.212493	0.213275	0.213562	0.206296	-0.125189	-0.130824	-0.130129	-0.121845	-0.123413	-0.122835	-0.132273	-0.200934	0.222471	-0.201324	-0.223009	-0.217236	-0.272376	-0.274363	-0.274636	0.148265	0.156200	0.148936	0.153708	0.219382	0.200199	-0.112496	-0.114896	-0.123113	-0.120883	-0.118237	-0.106881	-0.109498	0.152804	0.192908	-0.272986	-0.110733	-0.110820	-0.187150	0.230490	0.223935	-0.162781	-0.168398	0.729017	0.196087	-0.164626	-0.170619	0.202132	0.222063	0.220788	-0.187977	-0.169681	-0.155618	0.214465	0.218293	-0.196070	0.227999	0.236708	0.211051	0.251701	0.165403	-0.158077	-0.153632	0.227141	
0.158468	0.144977	0.144024	0.142342	0.206234	0.203680	0.202476	0.207246	-0.126015	-0.122261	-0.126151	-0.120630	-0.115147	-0.119217	-0.122596	-0.196725	0.211887	-0.199487	-0.219381	-0.213823	-0.264861	-0.267575	-0.271849	0.146947	0.151473	0.142865	0.154494	0.216955	0.188851	-0.111541	-0.107947	-0.115731	-0.110597	-0.118894	-0.104229	-0.102576	0.145222	0.182390	-0.268801	-0.102641	-0.111519	-0.184223	0.240401	0.212338	-0.155171	-0.178202	0.196087	0.735661	-0.165279	-0.149617	0.258596	0.226042	0.189574	-0.183185	-0.152509	-0.017246	0.218801	0.226801	-0.171315	0.215845	0.219691	0.196572	0.229364	0.182597	-0.193801	-0.163144	0.239116	
-0.226544	-0.228048	-0.224567	-0.221904	-0.215699	-0.214231	-0.212480	-0.211577	0.015565	0.015990	0.018136	0.012331	0.004431	0.008433	0.019311	0.393538	-0.214050	0.394418	0.360112	0.388205	0.249663	0.236572	0.218923	-0.223411	-0.223953	-0.224000	-0.227433	-0.213021	-0.231719	0.003565	-0.001247	0.011513	0.008825	0.009481	-0.000750	-0.002157	-0.219074	-0.228853	0.208104	-0.001004	0.003447	0.373974	-0.187280	-0.187590	0.361334	0.385494	-0.164626	-0.165279	1.041192	0.370878	-0.185603	-0.176447	-0.183053	0.351766	0.354671	0.335963	-0.170166	-0.136051	0.344666	-0.148017	-0.173315	-0.172110	-0.161896	-0.179758	0.343211	0.323972	-0.172207	
-0.238753	-0.240720	-0.237140	-0.231345	-0.223622	-0.221658	-0.221772	-0.218944	0.020655	0.021039	0.020683	0.014827	0.007536	0.012336	0.019289	0.413347	-0.220480	0.406467	0.372469	0.398837	0.269611	0.262398	0.231585	-0.236915	-0.237999	-0.238207	-0.240353	-0.222431	-0.243415	0.009241	0.004894	0.013594	0.015950	0.009879	0.004501	0.004432	-0.233251	-0.243492	0.226647	0.004496	0.005140	0.395542	-0.196521	-0.191964	0.375979	0.369752	-0.170619	-0.149617	0.370878	1.054740	-0.174102	-0.184365	-0.182262	0.373437	0.355219	0.343389	-0.184892	-0.166095	0.388995	-0.170438	-0.187009	-0.182882	-0.170560	-0.188154	0.362080	0.362401	-0.183071	
0.160354	0.151061	0.148766	0.148526	0.214557	0.212233	0.215512	0.222511	-0.133744	-0.127301	-0.135505	-0.128809	-0.119439	-0.127625	-0.132028	-0.205137	0.226668	-0.209759	-0.229265	-0.219653	-0.272695	-0.278070	-0.282275	0.146303	0.147014	0.146427	0.161224	0.228336	0.192695	-0.117195	-0.113383	-0.122371	-0.123812	-0.124252	-0.110095	-0.117513	0.143149	0.187982	-0.276461	-0.112964	-0.115111	-0.190577	0.234247	0.223038	-0.180211	-0.181240	0.202132	0.258596	-0.185603	-0.174102	0.756713	0.231286	0.215019	-0.192872	-0.181570	-0.150416	0.235573	0.208121	-0.171896	0.241050	0.218833	0.213475	0.181287	0.173676	-0.186509	-0.180076	0.238643	
0.162858	0.153618	0.151605	0.143665	0.215163	0.215255	0.219219	0.222992	-0.134871	-0.131932	-0.135971	-0.127511	-0.125225	-0.129817	-0.128490	-0.207537	0.225677	-0.208501	-0.230046	-0.223647	-0.279111	-0.280375	-0.284374	0.152276	0.160835	0.146492	0.159394	0.226769	0.204796	-0.119237	-0.113311	-0.126865	-0.127909	-0.128346	-0.113712	-0.111993	0.150684	0.194069	-0.281412	-0.112779	-0.115660	-0.186218	0.246513	0.230668	-0.147811	-0.172936	0.222063	0.226042	-0.176447	-0.184365	0.231286	0.756783	0.268612	-0.175904	-0.172906	-0.177473	0.248375	0.220441	-0.214445	0.229009	0.241452	0.223425	0.244085	0.191241	-0.173232	-0.173148	0.231036	
0.174799	0.154628	0.152177	0.155712	0.225237	0.223478	0.232313	0.216513	-0.140520	-0.137614	-0.141677	-0.132843	-0.133054	-0.132958	-0.136246	-0.216375	0.229405	-0.219311	-0.242057	-0.234560	-0.286984	-0.289421	-0.295019	0.154979	0.160699	0.150604	0.168096	0.227898	0.207058	-0.122672	-0.114836	-0.134046	-0.125808	-0.128217	-0.122354	-0.118309	0.159236	0.198726	-0.289677	-0.115371	-0.118947	-0.195518	0.250729	0.256655	-0.150440	-0.174093	0.220788	0.189574	-0.183053	-0.182262	0.215019	0.268612	0.793675	-0.174652	-0.190358	-0.189239	0.246468	0.204790	-0.198786	0.233837	0.252528	0.228156	0.211888	0.198508	-0.188201	-0.172765	0.247647	
-0.243253	-0.247508	-0.244067	-0.237338	-0.233830	-0.235249	-0.229123	-0.228676	0.030651	0.031224	0.028409	0.019933	0.015523	0.021899	0.024280	0.391840	-0.232631	0.391625	0.371761	0.387592	0.281366	0.259456	0.243354	-0.242637	-0.244982	-0.244465	-0.244761	-0.232075	-0.252611	0.010578	0.013787	0.026699	0.027520	0.017781	0.013816	0.009801	-0.236627	-0.249675	0.237783	0.009445	0.016693	0.367794	-0.205005	-0.193074	0.352822	0.387498	-0.187977	-0.183185	0.351766	0.373437	-0.192872	-0.175904	-0.174652	1.015137	0.362267	0.340536	-0.181825	-0.161484	0.338236	-0.157018	-0.184439	-0.175603	-0.171608	-0.175220	0.378466	0.371076	-0.188803	
-0.239333	-0.239019	-0.237387	-0.231812	-0.229686	-0.228974	-0.225994	-0.225698	0.029433	0.032166	0.031323	0.024206	0.018890	0.024113	0.027747	0.396888	-0.226963	0.394758	0.369128	0.388637	0.276228	0.266359	0.240060	-0.237489	-0.237692	-0.237521	-0.239772	-0.227644	-0.246034	0.013911	0.010805	0.026746	0.026217	0.021861	0.018272	0.015785	-0.230928	-0.244248	0.238717	0.013986	0.017055	0.375284	-0.201254	-0.190940	0.347147	0.361007	-0.169681	-0.152509	0.354671	0.355219	-0.181570	-0.172906	-0.190358	0.362267	0.989246	0.363392	-0.187757	-0.155319	0.367851	-0.159181	-0.190712	-0.180948	-0.169547	-0.198848	0.354640	0.355381	-0.188491	
-0.230907	-0.235211	-0.233206	-0.226681	-0.226440	-0.221069	-0.223360	-0.219454	0.018206	0.023229	0.021977	0.020369	0.016807	0.019431	0.022362	0.393800	-0.222092	0.386630	0.359256	0.371793	0.272517	0.254712	0.231940	-0.233861	-0.232980	-0.233432	-0.233039	-0.217355	-0.240752	0.008009	0.010245	0.013454	0.015839	0.011444	0.010224	0.007881	-0.226419	-0.240549	0.223586	0.006343	0.012944	0.359498	-0.185992	-0.172775	0.367083	0.359252	-0.155618	-0.017246	0.335963	0.343389	-0.150416	-0.177473	-0.189239	0.340536	0.363392	1.002445	-0.185304	-0.126639	0.331072	-0.148886	-0.178900	-0.153800	-0.142509	-0.198043	0.354399	0.402290	-0.154633	
0.162938	0.153315	0.153218	0.147502	0.213067	0.215993	0.213293	0.218509	-0.135254	-0.133760	-0.137379	-0.133403	-0.121242	-0.129238	-0.135977	-0.205477	0.217427	-0.210057	-0.229797	-0.223232	-0.278023	-0.278940	-0.282130	0.147929	0.156846	0.147502	0.154956	0.228166	0.200299	-0.120515	-0.115873	-0.127485	-0.125161	-0.125492	-0.113292	-0.114080	0.145687	0.193458	-0.280855	-0.110151	-0.116370	-0.193216	0.244270	0.235441	-0.161271	-0.162964	0.214465	0.218801	-0.170166	-0.184892	0.235573	0.248375	0.246468	-0.181825	-0.187757	-0.185304	0.783594	0.218551	-0.187046	0.228006	0.241706	0.221539	0.233111	0.199005	-0.179905	-0.168828	0.231968	
0.148833	0.140883	0.134285	0.136574	0.193935	0.188760	0.197513	0.193503	-0.126975	-0.122363	-0.125519	-0.118673	-0.118983	-0.127299	-0.126069	-0.195599	0.196683	-0.197035	-0.217276	-0.214131	-0.261379	-0.264925	-0.265079	0.139823	0.148146	0.139946	0.143579	0.210160	0.181652	-0.110415	-0.101810	-0.119745	-0.114234	-0.116027	-0.108637	-0.105105	0.143853	0.180172	-0.261838	-0.100856	-0.108627	-0.174798	0.233184	0.216443	-0.131208	-0.124487	0.218293	0.226801	-0.136051	-0.166095	0.208121	0.220441	0.204790	-0.161484	-0.155319	-0.126639	0.218551	0.702582	-0.179716	0.229121	0.227710	0.230312	0.214854	0.198219	-0.144087	-0.149375	0.230090	
-0.250522	-0.251312	-0.249254	-0.240372	-0.235256	-0.233630	-0.233397	-0.232020	0.022113	0.024576	0.026116	0.019238	0.011248	0.018398	0.029808	0.416389	-0.232446	0.416993	0.401848	0.404998	0.285862	0.277399	0.253445	-0.249091	-0.251965	-0.250498	-0.249549	-0.233248	-0.255622	0.008354	0.003072	0.019257	0.019060	0.013663	0.009293	0.011407	-0.244297	-0.254871	0.243884	0.005354	0.012710	0.364103	-0.209332	-0.207751	0.342823	0.354422	-0.196070	-0.171315	0.344666	0.388995	-0.171896	-0.214445	-0.198786	0.338236	0.367851	0.331072	-0.187046	-0.179716	1.075915	-0.189009	-0.205411	-0.191960	-0.187202	-0.132917	0.355614	0.308744	-0.191941	
0.155653	0.144245	0.141905	0.140250	0.207239	0.204857	0.210167	0.209672	-0.129879	-0.124523	-0.128092	-0.124078	-0.116045	-0.121401	-0.126232	-0.195116	0.211825	-0.199404	-0.219164	-0.211083	-0.263790	-0.266758	-0.271019	0.142409	0.145548	0.145179	0.144269	0.218328	0.187569	-0.112583	-0.106461	-0.119995	-0.116880	-0.116181	-0.105106	-0.106915	0.145942	0.183184	-0.266666	-0.101635	-0.105486	-0.176470	0.240944	0.223643	-0.140838	-0.140961	0.227999	0.215845	-0.148017	-0.170438	0.241050	0.229009	0.233837	-0.157018	-0.159181	-0.148886	0.228006	0.229121	-0.189009	0.729187	0.234135	0.220283	0.239232	0.186469	-0.161894	-0.152761	0.232741	
0.168055	0.158582	0.154656	0.152772	0.222175	0.222365	0.218366	0.221362	-0.138385	-0.135427	-0.140980	-0.132562	-0.128055	-0.133005	-0.134587	-0.211680	0.225020	-0.215562	-0.233436	-0.228380	-0.281420	-0.284498	-0.288946	0.152679	0.160692	0.155011	0.163602	0.229292	0.204004	-0.124983	-0.119684	-0.133028	-0.127424	-0.125911	-0.112862	-0.116948	0.153933	0.199425	-0.284324	-0.113982	-0.118781	-0.200353	0.258235	0.246738	-0.175635	-0.176873	0.236708	0.219691	-0.173315	-0.187009	0.218833	0.241452	0.252528	-0.184439	-0.190712	-0.178900	0.241706	0.227710	-0.205411	0.234135	0.787391	0.219369	0.249075	0.205220	-0.184741	-0.169023	0.256248	
0.163825	0.151698	0.151441	0.152560	0.208732	0.202770	0.206700	0.212008	-0.135313	-0.131011	-0.139016	-0.129772	-0.128309	-0.126012	-0.131067	-0.207697	0.210138	-0.213822	-0.228971	-0.224640	-0.276757	-0.276586	-0.278511	0.150378	0.158262	0.149577	0.155356	0.223178	0.199427	-0.118837	-0.113499	-0.124472	-0.118028	-0.122830	-0.112123	-0.119083	0.152736	0.192930	-0.276915	-0.108211	-0.113183	-0.191571	0.246970	0.229191	-0.160407	-0.192788	0.211051	0.196572	-0.172110	-0.182882	0.213475	0.223425	0.228156	-0.175603	-0.180948	-0.153800	0.221539	0.230312	-0.191960	0.220283	0.219369	0.766840	0.223242	0.177109	-0.185932	-0.152818	0.225943	
