0.790390	0.207796	0.207165	0.216367	0.209058	0.175986	0.177388	0.180390	0.179563	-0.124257	-0.123366	-0.126484	-0.125023	-0.111903	-0.118744	-0.126096	-0.222292	0.184480	-0.225995	-0.257150	-0.248969	-0.303306	-0.306474	-0.310175	0.200378	0.216389	0.204141	0.211965	0.200884	-0.114189	-0.108245	-0.116868	-0.118026	-0.113155	-0.102625	-0.104548	0.212591	0.264719	-0.307211	-0.102780	-0.109341	-0.235777	0.211519	0.213734	-0.184879	-0.201425	0.162276	0.207332	-0.199803	-0.216628	0.170160	0.164636	0.171244	-0.242501	-0.212718	-0.226089	0.215539	0.198425	-0.246690	0.191835	0.179056	0.195087	0.166807	0.277277	-0.216441	-0.212770	0.208922	
0.207796	0.904574	0.229378	0.229440	0.226189	0.167964	0.167316	0.167780	0.167145	-0.118826	-0.117215	-0.120378	-0.112522	-0.107114	-0.111648	-0.116126	-0.231952	0.168803	-0.237064	-0.255430	-0.250087	-0.299616	-0.302139	-0.306193	0.221896	0.230385	0.221695	0.227550	0.174454	-0.103332	-0.101000	-0.115539	-0.114293	-0.111862	-0.094499	-0.097406	0.229024	0.244085	-0.303142	-0.094772	-0.104061	-0.243506	0.186325	0.178045	-0.237215	-0.246347	0.165894	0.167355	-0.225852	-0.238383	0.169687	0.172250	0.185187	-0.244022	-0.239913	-0.232532	0.173077	0.157072	-0.251442	0.165795	0.177981	0.173538	0.171245	0.224088	-0.245450	-0.236181	0.177454	
0.207165	0.229378	0.901396	0.233513	0.225492	0.138188	0.139842	0.139610	0.144897	-0.114801	-0.114015	-0.116948	-0.109727	-0.106069	-0.110462	-0.114879	-0.232803	0.147059	-0.236979	-0.255394	-0.249693	-0.298140	-0.300745	-0.304853	0.290567	0.231377	0.258938	0.245628	0.155250	-0.104659	-0.098787	-0.113039	-0.111889	-0.109953	-0.097339	-0.095265	0.229493	0.240863	-0.302521	-0.087769	-0.102721	-0.244410	0.177376	0.168521	-0.240563	-0.244911	0.159883	0.152756	-0.228145	-0.240051	0.161528	0.162617	0.164220	-0.247427	-0.239495	-0.236533	0.162676	0.150125	-0.251605	0.152712	0.168771	0.161391	0.161428	0.212704	-0.245775	-0.241047	0.165354	
0.216367	0.229440	0.233513	0.913664	0.264091	0.135647	0.136945	0.138208	0.142616	-0.114206	-0.112981	-0.118430	-0.112188	-0.103550	-0.107193	-0.112497	-0.230890	0.145546	-0.235636	-0.253274	-0.247612	-0.292971	-0.294723	-0.299149	0.232387	0.232480	0.226338	0.230942	0.152939	-0.101652	-0.097361	-0.110590	-0.109160	-0.102851	-0.094983	-0.097481	0.234216	0.244975	-0.296257	-0.090339	-0.096918	-0.241928	0.175651	0.164213	-0.237348	-0.244892	0.162597	0.151597	-0.224226	-0.237118	0.158510	0.162050	0.163116	-0.244383	-0.238152	-0.233983	0.162422	0.141672	-0.250004	0.151414	0.163379	0.161687	0.156636	0.220560	-0.240358	-0.233319	0.165213	
0.209058	0.226189	0.225492	0.264091	0.900617	0.131922	0.132354	0.134368	0.138081	-0.110122	-0.111676	-0.112207	-0.104990	-0.105058	-0.104142	-0.110253	-0.227495	0.140382	-0.231646	-0.248499	-0.243387	-0.288663	-0.290357	-0.294358	0.220111	0.231320	0.219264	0.225589	0.148468	-0.096370	-0.094815	-0.106676	-0.107917	-0.101216	-0.090285	-0.090704	0.225304	0.239498	-0.292153	-0.085059	-0.095744	-0.238504	0.172326	0.161724	-0.226509	-0.237013	0.161770	0.151232	-0.221266	-0.231017	0.158490	0.154623	0.164163	-0.238091	-0.232592	-0.226673	0.157419	0.145945	-0.242127	0.149731	0.162523	0.160240	0.158929	0.212595	-0.238795	-0.238044	0.161110	
0.175986	0.167964	0.138188	0.135647	0.131922	1.037964	0.490274	0.441187	0.400313	-0.160759	-0.159107	-0.164808	-0.157449	-0.152115	-0.156270	-0.160189	-0.212494	0.396148	-0.218584	-0.243514	-0.234946	-0.296595	-0.300022	-0.305516	0.136972	0.140695	0.135088	0.144550	0.366680	-0.151053	-0.145818	-0.157613	-0.156810	-0.153959	-0.142471	-0.143622	0.129965	0.171200	-0.304830	-0.138430	-0.149358	-0.231645	0.243931	0.236926	-0.229248	-0.234559	0.221599	0.215025	-0.216007	-0.224676	0.219495	0.221288	0.235483	-0.234593	-0.231119	-0.228182	0.222704	0.203250	-0.236683	0.215372	0.230850	0.217859	0.223344	0.150095	-0.238295	-0.239652	0.227536	
0.177388	0.167316	0.139842	0.136945	0.132354	0.490274	1.010585	0.433152	0.395688	-0.158724	-0.157317	-0.163058	-0.156893	-0.150398	-0.155003	-0.157498	-0.211256	0.390443	-0.216756	-0.241469	-0.232789	-0.294895	-0.298387	-0.304360	0.137260	0.141436	0.135545	0.145513	0.361485	-0.148815	-0.144289	-0.154765	-0.154377	-0.152352	-0.140759	-0.142771	0.131952	0.173616	-0.303243	-0.136951	-0.148639	-0.228766	0.243096	0.235807	-0.228723	-0.234376	0.221642	0.210341	-0.214750	-0.222873	0.221478	0.223339	0.232022	-0.236571	-0.230273	-0.223430	0.223113	0.195954	-0.234408	0.213951	0.230688	0.210392	0.217745	0.145124	-0.234964	-0.237412	0.229619	
0.180390	0.167780	0.139610	0.138208	0.134368	0.441187	0.433152	0.989680	0.398178	-0.157473	-0.156166	-0.160774	-0.154205	-0.147977	-0.153140	-0.156827	-0.208849	0.391539	-0.214843	-0.239955	-0.230899	-0.292385	-0.296503	-0.302137	0.138185	0.144616	0.138432	0.147232	0.365211	-0.147907	-0.142882	-0.153408	-0.153598	-0.149625	-0.138893	-0.140719	0.133043	0.175306	-0.300841	-0.135577	-0.146400	-0.226611	0.243551	0.242849	-0.223484	-0.227029	0.221603	0.211019	-0.213838	-0.222190	0.226094	0.228126	0.240085	-0.229757	-0.227342	-0.224898	0.219896	0.206476	-0.235035	0.218487	0.228017	0.215915	0.217905	0.150461	-0.233915	-0.232975	0.228406	
0.179563	0.167145	0.144897	0.142616	0.138081	0.400313	0.395688	0.398178	0.979142	-0.154963	-0.155216	-0.159036	-0.152750	-0.146181	-0.152022	-0.154950	-0.209700	0.401756	-0.215875	-0.240203	-0.231308	-0.293077	-0.296880	-0.302530	0.142734	0.148170	0.140983	0.151457	0.374328	-0.145342	-0.140864	-0.151420	-0.151123	-0.148350	-0.137279	-0.139374	0.136320	0.179543	-0.301231	-0.133548	-0.144401	-0.227245	0.245120	0.238508	-0.226815	-0.232851	0.215811	0.215941	-0.212778	-0.220892	0.231837	0.229925	0.227932	-0.230506	-0.227261	-0.221049	0.226480	0.202527	-0.234575	0.220277	0.231579	0.220862	0.217205	0.151828	-0.231995	-0.234990	0.235789	
-0.124257	-0.118826	-0.114801	-0.114206	-0.110122	-0.160759	-0.158724	-0.157473	-0.154963	1.006157	0.066994	0.059890	0.061549	0.053290	0.055223	0.054745	0.001111	-0.154697	0.005291	0.028984	0.017097	0.083938	0.091655	0.102577	-0.117303	-0.113067	-0.120461	-0.123140	-0.151708	0.053442	0.050484	0.052300	0.051314	0.043491	0.038141	0.044555	-0.109384	-0.124572	0.104541	0.047282	0.044469	0.013296	-0.139104	-0.138360	0.021234	0.021338	-0.124062	-0.125101	0.009256	0.012761	-0.132340	-0.132275	-0.138603	0.023591	0.022078	0.011748	-0.131810	-0.126537	0.013548	-0.128360	-0.135774	-0.132822	-0.131194	-0.126251	0.025611	0.027168	-0.133756	
-0.123366	-0.117215	-0.114015	-0.112981	-0.111676	-0.159107	-0.157317	-0.156166	-0.155216	0.066994	1.005170	0.061299	0.062866	0.049063	0.059440	0.060736	-0.002846	-0.153685	0.001430	0.026116	0.014975	0.083835	0.090366	0.100016	-0.114897	-0.116420	-0.117081	-0.119154	-0.151080	0.056940	0.047440	0.049148	0.051921	0.054590	0.037632	0.036086	-0.109285	-0.123433	0.102581	0.036436	0.048189	0.010635	-0.136359	-0.134102	0.014964	0.015718	-0.128022	-0.120337	0.007930	0.014273	-0.125403	-0.130068	-0.136232	0.023037	0.024134	0.015299	-0.133684	-0.120888	0.017557	-0.122868	-0.133782	-0.129680	-0.128430	-0.119795	0.023920	0.020712	-0.130250	
-0.126484	-0.120378	-0.116948	-0.118430	-0.112207	-0.164808	-0.163058	-0.160774	-0.159036	0.059890	0.061299	1.006342	0.062244	0.057294	0.058502	0.053693	-0.004741	-0.157881	0.000195	0.026523	0.014175	0.088109	0.095005	0.112108	-0.118153	-0.119482	-0.120392	-0.125817	-0.157042	0.051487	0.054998	0.058408	0.050997	0.059533	0.047833	0.047597	-0.113850	-0.127967	0.114151	0.044309	0.052551	0.009011	-0.141988	-0.138685	0.019469	0.021749	-0.127351	-0.124048	0.010391	0.012571	-0.133582	-0.133889	-0.140343	0.021397	0.023687	0.013510	-0.134644	-0.122898	0.020029	-0.125637	-0.138720	-0.137044	-0.135063	-0.125694	0.022025	0.030618	-0.133657	
-0.125023	-0.112522	-0.109727	-0.112188	-0.104990	-0.157449	-0.156893	-0.154205	-0.152750	0.061549	0.062866	0.062244	0.996688	0.056291	0.055760	0.052041	-0.010812	-0.152847	-0.007486	0.019247	0.006564	0.077902	0.080898	0.094196	-0.114076	-0.110254	-0.116498	-0.117479	-0.150268	0.049762	0.049958	0.053405	0.055244	0.058329	0.048690	0.046177	-0.105845	-0.120692	0.100024	0.040304	0.053137	0.006577	-0.132772	-0.132581	0.018279	0.011568	-0.118312	-0.119469	0.004212	0.005874	-0.127726	-0.125955	-0.129433	0.012000	0.016707	0.012935	-0.130889	-0.116679	0.010275	-0.122101	-0.130383	-0.128384	-0.125079	-0.121990	0.013259	0.012822	-0.124385	
-0.111903	-0.107114	-0.106069	-0.103550	-0.105058	-0.152115	-0.150398	-0.147977	-0.146181	0.053290	0.049063	0.057294	0.056291	1.001134	0.050619	0.053488	-0.014209	-0.146169	-0.008843	0.013812	0.003943	0.067905	0.078026	0.089917	-0.105563	-0.107150	-0.106367	-0.111010	-0.143248	0.042060	0.044151	0.054783	0.055027	0.051118	0.046328	0.049364	-0.100741	-0.113377	0.092498	0.038077	0.042172	-0.000587	-0.127727	-0.129766	0.009711	0.017367	-0.121827	-0.111417	-0.001956	0.000292	-0.117462	-0.122743	-0.129784	0.007116	0.010690	0.010819	-0.118445	-0.116008	0.001872	-0.113803	-0.126332	-0.126361	-0.116433	-0.113739	0.010247	0.002020	-0.122715	
-0.118744	-0.111648	-0.110462	-0.107193	-0.104142	-0.156270	-0.155003	-0.153140	-0.152022	0.055223	0.059440	0.058502	0.055760	0.050619	1.007681	0.053683	-0.008853	-0.149671	-0.004781	0.019102	0.008006	0.077311	0.086221	0.097415	-0.111206	-0.111184	-0.112663	-0.115799	-0.147728	0.053499	0.041715	0.055572	0.048324	0.047504	0.040127	0.041488	-0.100797	-0.117703	0.103246	0.037991	0.047076	0.004330	-0.132110	-0.135550	0.012502	0.009247	-0.119103	-0.116830	0.001721	0.005459	-0.125171	-0.126970	-0.132328	0.012365	0.016592	0.010369	-0.127434	-0.125514	0.010804	-0.118979	-0.131191	-0.124144	-0.126822	-0.118851	0.017248	0.016889	-0.126933	
-0.126096	-0.116126	-0.114879	-0.112497	-0.110253	-0.160189	-0.157498	-0.156827	-0.154950	0.054745	0.060736	0.053693	0.052041	0.053488	0.053683	1.009535	-0.005140	-0.154127	0.000215	0.026839	0.012271	0.086201	0.085786	0.102258	-0.112687	-0.116460	-0.115616	-0.118537	-0.152018	0.052117	0.053344	0.051602	0.060373	0.057260	0.041159	0.041126	-0.110080	-0.120561	0.103151	0.041441	0.047922	0.010902	-0.135596	-0.134350	0.020399	0.009580	-0.129380	-0.120142	0.011414	0.010563	-0.130776	-0.127695	-0.134207	0.014705	0.020087	0.016653	-0.133448	-0.124523	0.021005	-0.123452	-0.132283	-0.127673	-0.125746	-0.117147	0.021989	0.027383	-0.131203	
-0.222292	-0.231952	-0.232803	-0.230890	-0.227495	-0.212494	-0.211256	-0.208849	-0.209700	0.001111	-0.002846	-0.004741	-0.010812	-0.014209	-0.008853	-0.005140	1.157746	-0.209784	0.589268	0.443086	0.499592	0.257941	0.245467	0.202510	-0.231911	-0.231040	-0.231877	-0.232997	-0.211103	-0.017337	-0.020110	-0.011412	-0.011846	-0.012264	-0.019187	-0.019144	-0.228819	-0.235531	0.194249	-0.019473	-0.017497	0.439976	-0.211989	-0.211648	0.379593	0.393643	-0.201147	-0.197751	0.382210	0.402473	-0.206096	-0.207441	-0.216082	0.380338	0.387431	0.384452	-0.206270	-0.197389	0.408336	-0.195930	-0.211880	-0.207415	-0.202406	-0.226946	0.384026	0.371511	-0.208905	
0.184480	0.168803	0.147059	0.145546	0.140382	0.396148	0.390443	0.391539	0.401756	-0.154697	-0.153685	-0.157881	-0.152847	-0.146169	-0.149671	-0.154127	-0.209784	0.967998	-0.215495	-0.240621	-0.231708	-0.293000	-0.296434	-0.301979	0.144626	0.149739	0.143781	0.152200	0.371752	-0.144607	-0.139937	-0.150461	-0.151705	-0.148016	-0.136119	-0.138170	0.139554	0.182184	-0.301050	-0.132254	-0.142638	-0.227229	0.247328	0.239998	-0.226385	-0.228971	0.230641	0.219926	-0.214251	-0.221046	0.233422	0.233364	0.240613	-0.233517	-0.228214	-0.222420	0.226929	0.206445	-0.233421	0.219752	0.234439	0.217929	0.224150	0.156441	-0.232930	-0.236686	0.233128	
-0.225995	-0.237064	-0.236979	-0.235636	-0.231646	-0.218584	-0.216756	-0.214843	-0.215875	0.005291	0.001430	0.000195	-0.007486	-0.008843	-0.004781	0.000215	0.589268	-0.215495	1.143517	0.440458	0.498364	0.268694	0.249521	0.215271	-0.235669	-0.235466	-0.236488	-0.237054	-0.216870	-0.012771	-0.016417	-0.005356	-0.008105	-0.008217	-0.014893	-0.015047	-0.232325	-0.241065	0.200308	-0.014282	-0.012324	0.431056	-0.216597	-0.215004	0.383431	0.394614	-0.201810	-0.199879	0.383693	0.395949	-0.210750	-0.207568	-0.221569	0.378505	0.384347	0.374100	-0.210158	-0.198518	0.407125	-0.200292	-0.216481	-0.214986	-0.204783	-0.234992	0.373246	0.370461	-0.212160	
-0.257150	-0.255430	-0.255394	-0.253274	-0.248499	-0.243514	-0.241469	-0.239955	-0.240203	0.028984	0.026116	0.026523	0.019247	0.013812	0.019102	0.026839	0.443086	-0.240621	0.440458	1.111935	0.439387	0.316648	0.302179	0.272887	-0.253958	-0.253263	-0.253904	-0.255599	-0.242163	0.012887	0.007377	0.018219	0.020516	0.015313	0.008123	0.008716	-0.248814	-0.261922	0.266167	0.009385	0.012774	0.383634	-0.239460	-0.236869	0.361933	0.362385	-0.224517	-0.220814	0.346952	0.361361	-0.231345	-0.230340	-0.242147	0.361025	0.359185	0.348965	-0.230262	-0.219801	0.388328	-0.219551	-0.234586	-0.228893	-0.228112	-0.250304	0.357419	0.342460	-0.231268	
-0.248969	-0.250087	-0.249693	-0.247612	-0.243387	-0.234946	-0.232789	-0.230899	-0.231308	0.017097	0.014975	0.014175	0.006564	0.003943	0.008006	0.012271	0.499592	-0.231708	0.498364	0.439387	1.159042	0.295322	0.280421	0.247868	-0.248084	-0.247608	-0.248218	-0.249976	-0.233223	-0.000592	-0.004596	0.005634	0.005360	0.002734	-0.005082	-0.003290	-0.244907	-0.254641	0.236609	-0.005100	-0.001651	0.420329	-0.231243	-0.230747	0.368932	0.382265	-0.217848	-0.214379	0.376370	0.388374	-0.220865	-0.224898	-0.235017	0.377406	0.377380	0.363917	-0.223825	-0.214482	0.393647	-0.212253	-0.229736	-0.224907	-0.220819	-0.242662	0.368842	0.361997	-0.224206	
-0.303306	-0.299616	-0.298140	-0.292971	-0.288663	-0.296595	-0.294895	-0.292385	-0.293077	0.083938	0.083835	0.088109	0.077902	0.067905	0.077311	0.086201	0.257941	-0.293000	0.268694	0.316648	0.295322	1.187089	0.428532	0.422927	-0.294662	-0.295222	-0.296097	-0.298905	-0.294190	0.064138	0.062859	0.078487	0.077168	0.074473	0.060787	0.063209	-0.290205	-0.312540	0.414599	0.056374	0.064771	0.263384	-0.290786	-0.285961	0.252453	0.254719	-0.273294	-0.266101	0.238284	0.255969	-0.273804	-0.279553	-0.287925	0.269288	0.264409	0.262288	-0.278661	-0.263041	0.273963	-0.265646	-0.283190	-0.277950	-0.277068	-0.301137	0.260704	0.254032	-0.280556	
-0.306474	-0.302139	-0.300745	-0.294723	-0.290357	-0.300022	-0.298387	-0.296503	-0.296880	0.091655	0.090366	0.095005	0.080898	0.078026	0.086221	0.085786	0.245467	-0.296434	0.249521	0.302179	0.280421	0.428532	1.186485	0.436662	-0.297119	-0.297600	-0.299031	-0.301657	-0.297363	0.070998	0.067606	0.084255	0.082974	0.078171	0.065861	0.066663	-0.293456	-0.316739	0.432769	0.060721	0.071231	0.256449	-0.293638	-0.288409	0.245786	0.242735	-0.276567	-0.269369	0.225697	0.250381	-0.281939	-0.281795	-0.289183	0.247428	0.254450	0.242780	-0.280325	-0.266153	0.265509	-0.269232	-0.285746	-0.277308	-0.274908	-0.301794	0.254854	0.247545	-0.284755	
-0.310175	-0.306193	-0.304853	-0.299149	-0.294358	-0.305516	-0.304360	-0.302137	-0.302530	0.102577	0.100016	0.112108	0.094196	0.089917	0.097415	0.102258	0.202510	-0.301979	0.215271	0.272887	0.247868	0.422927	0.436662	1.198365	-0.300298	-0.301063	-0.301845	-0.305611	-0.303601	0.084611	0.077199	0.097841	0.097544	0.092555	0.079773	0.079781	-0.295649	-0.321912	0.459362	0.072405	0.084369	0.224635	-0.299106	-0.292662	0.220632	0.218581	-0.276510	-0.272196	0.206027	0.218648	-0.284700	-0.285998	-0.297069	0.232160	0.228519	0.221358	-0.283463	-0.267664	0.240867	-0.273186	-0.290522	-0.279924	-0.283849	-0.306773	0.234327	0.218794	-0.288462	
0.200378	0.221896	0.290567	0.232387	0.220111	0.136972	0.137260	0.138185	0.142734	-0.117303	-0.114897	-0.118153	-0.114076	-0.105563	-0.111206	-0.112687	-0.231911	0.144626	-0.235669	-0.253958	-0.248084	-0.294662	-0.297119	-0.300298	0.910879	0.238166	0.269940	0.238290	0.153534	-0.104476	-0.098224	-0.113015	-0.111887	-0.109683	-0.095157	-0.098662	0.227372	0.235843	-0.299244	-0.089296	-0.102129	-0.242340	0.174962	0.170688	-0.235478	-0.237217	0.157142	0.155353	-0.223028	-0.236818	0.155667	0.161400	0.164227	-0.242855	-0.238611	-0.234372	0.157259	0.148077	-0.249815	0.151251	0.162661	0.160475	0.163228	0.210888	-0.245838	-0.242410	0.165854	
0.216389	0.230385	0.231377	0.232480	0.231320	0.140695	0.141436	0.144616	0.148170	-0.113067	-0.116420	-0.119482	-0.110254	-0.107150	-0.111184	-0.116460	-0.231040	0.149739	-0.235466	-0.253263	-0.247608	-0.295222	-0.297600	-0.301063	0.238166	0.902016	0.239601	0.252521	0.158745	-0.101666	-0.098224	-0.111008	-0.105393	-0.106071	-0.095634	-0.094306	0.229021	0.244542	-0.299123	-0.089965	-0.102323	-0.240769	0.180377	0.174720	-0.236957	-0.240222	0.167375	0.160576	-0.224007	-0.237101	0.156388	0.168848	0.169621	-0.245131	-0.238535	-0.233352	0.166491	0.156443	-0.252655	0.155236	0.170541	0.167771	0.169006	0.218104	-0.244077	-0.242760	0.167327	
0.204141	0.221695	0.258938	0.226338	0.219264	0.135088	0.135545	0.138432	0.140983	-0.120461	-0.117081	-0.120392	-0.116498	-0.106367	-0.112663	-0.115616	-0.231877	0.143781	-0.236488	-0.253904	-0.248218	-0.296097	-0.299031	-0.301845	0.269940	0.239601	0.913083	0.325395	0.152356	-0.108952	-0.099265	-0.112708	-0.112489	-0.110031	-0.095457	-0.102102	0.221018	0.234314	-0.299548	-0.092325	-0.104162	-0.241890	0.173202	0.169455	-0.238038	-0.240847	0.158533	0.152800	-0.223459	-0.238571	0.156525	0.155510	0.160819	-0.245274	-0.238446	-0.235019	0.157660	0.147450	-0.250845	0.154252	0.164106	0.158102	0.159686	0.214752	-0.241129	-0.240696	0.166045	
0.211965	0.227550	0.245628	0.230942	0.225589	0.144550	0.145513	0.147232	0.151457	-0.123140	-0.119154	-0.125817	-0.117479	-0.111010	-0.115799	-0.118537	-0.232997	0.152200	-0.237054	-0.255599	-0.249976	-0.298905	-0.301657	-0.305611	0.238290	0.252521	0.325395	0.910931	0.161474	-0.105317	-0.102969	-0.114885	-0.117063	-0.110809	-0.098038	-0.101831	0.226073	0.242119	-0.302887	-0.095947	-0.107689	-0.244679	0.182478	0.173187	-0.237070	-0.242676	0.162196	0.161220	-0.228169	-0.239958	0.171558	0.169404	0.175992	-0.246021	-0.240701	-0.233907	0.164286	0.152375	-0.249346	0.153564	0.173482	0.165459	0.166832	0.217126	-0.246339	-0.242292	0.172035	
0.200884	0.174454	0.155250	0.152939	0.148468	0.366680	0.361485	0.365211	0.374328	-0.151708	-0.151080	-0.157042	-0.150268	-0.143248	-0.147728	-0.152018	-0.211103	0.371752	-0.216870	-0.242163	-0.233223	-0.294190	-0.297363	-0.303601	0.153534	0.158745	0.152356	0.161474	0.962789	-0.142062	-0.136803	-0.147517	-0.148997	-0.145493	-0.133743	-0.135770	0.149102	0.192133	-0.302395	-0.129323	-0.141326	-0.230250	0.252888	0.248209	-0.229580	-0.232791	0.229134	0.226105	-0.214246	-0.222604	0.236310	0.235280	0.232995	-0.231970	-0.228885	-0.218124	0.235978	0.219187	-0.235856	0.227222	0.237395	0.233467	0.221085	0.161299	-0.235765	-0.227740	0.238134	
-0.114189	-0.103332	-0.104659	-0.101652	-0.096370	-0.151053	-0.148815	-0.147907	-0.145342	0.053442	0.056940	0.051487	0.049762	0.042060	0.053499	0.052117	-0.017337	-0.144607	-0.012771	0.012887	-0.000592	0.064138	0.070998	0.084611	-0.104476	-0.101666	-0.108952	-0.105317	-0.142062	0.989470	0.040008	0.055212	0.065691	0.052426	0.037737	0.047397	-0.097526	-0.108507	0.088980	0.036540	0.051125	-0.002264	-0.125525	-0.121693	0.002190	0.008995	-0.110030	-0.108576	-0.003418	0.001155	-0.114473	-0.115716	-0.120885	0.003382	0.006762	-0.000181	-0.117505	-0.107968	0.002587	-0.110920	-0.122737	-0.117739	-0.116953	-0.104540	0.008022	0.010887	-0.121832	
-0.108245	-0.101000	-0.098787	-0.097361	-0.094815	-0.145818	-0.144289	-0.142882	-0.140864	0.050484	0.047440	0.054998	0.049958	0.044151	0.041715	0.053344	-0.020110	-0.139937	-0.016417	0.007377	-0.004596	0.062859	0.067606	0.077199	-0.098224	-0.098224	-0.099265	-0.102969	-0.136803	0.040008	0.988047	0.054193	0.047791	0.049233	0.036715	0.039324	-0.090573	-0.103758	0.080658	0.042589	0.052613	-0.006658	-0.119378	-0.118919	-0.001959	0.008184	-0.113338	-0.104662	-0.008827	-0.003233	-0.110517	-0.109574	-0.111670	0.006934	0.003406	0.001648	-0.112942	-0.099624	-0.005352	-0.103302	-0.117272	-0.108876	-0.111292	-0.102674	0.003434	0.012893	-0.114522	
-0.116868	-0.115539	-0.113039	-0.110590	-0.106676	-0.157613	-0.154765	-0.153408	-0.151420	0.052300	0.049148	0.058408	0.053405	0.054783	0.055572	0.051602	-0.011412	-0.150461	-0.005356	0.018219	0.005634	0.078487	0.084255	0.097841	-0.113015	-0.111008	-0.112708	-0.114885	-0.147517	0.055212	0.054193	0.997888	0.051739	0.056048	0.048954	0.048588	-0.105674	-0.118904	0.102278	0.042814	0.049018	0.006689	-0.132537	-0.130314	0.008570	0.006743	-0.122018	-0.112668	0.003870	0.005591	-0.121118	-0.122993	-0.131955	0.017466	0.019144	0.007462	-0.125363	-0.116927	0.011754	-0.117930	-0.131960	-0.122932	-0.124687	-0.116746	0.022132	0.015951	-0.127069	
-0.118026	-0.114293	-0.111889	-0.109160	-0.107917	-0.156810	-0.154377	-0.153598	-0.151123	0.051314	0.051921	0.050997	0.055244	0.055027	0.048324	0.060373	-0.011846	-0.151705	-0.008105	0.020516	0.005360	0.077168	0.082974	0.097544	-0.111887	-0.105393	-0.112489	-0.117063	-0.148997	0.065691	0.047791	0.051739	0.991213	0.059690	0.049425	0.054483	-0.104443	-0.118421	0.097136	0.035824	0.048778	0.005729	-0.129823	-0.127083	0.015887	0.008018	-0.117760	-0.106794	0.002349	0.008558	-0.123228	-0.125494	-0.123136	0.019861	0.018792	0.007910	-0.122428	-0.112030	0.012094	-0.114789	-0.125003	-0.116694	-0.121678	-0.114135	0.020536	0.029611	-0.125251	
-0.113155	-0.111862	-0.109953	-0.102851	-0.101216	-0.153959	-0.152352	-0.149625	-0.148350	0.043491	0.054590	0.059533	0.058329	0.051118	0.047504	0.057260	-0.012264	-0.148016	-0.008217	0.015313	0.002734	0.074473	0.078171	0.092555	-0.109683	-0.106071	-0.110031	-0.110809	-0.145493	0.052426	0.049233	0.056048	0.059690	0.992252	0.047577	0.035951	-0.099849	-0.115977	0.097745	0.033461	0.051273	0.002053	-0.130429	-0.127783	0.006396	0.001626	-0.115118	-0.117630	0.002199	0.002232	-0.123197	-0.125097	-0.126149	0.011608	0.014173	0.003340	-0.123353	-0.114196	0.005817	-0.113631	-0.124112	-0.121000	-0.117012	-0.116459	0.015447	0.016022	-0.126268	
-0.102625	-0.094499	-0.097339	-0.094983	-0.090285	-0.142471	-0.140759	-0.138893	-0.137279	0.038141	0.037632	0.047833	0.048690	0.046328	0.040127	0.041159	-0.019187	-0.136119	-0.014893	0.008123	-0.005082	0.060787	0.065861	0.079773	-0.095157	-0.095634	-0.095457	-0.098038	-0.133743	0.037737	0.036715	0.048954	0.049425	0.047577	0.987295	0.041091	-0.087466	-0.100095	0.079278	0.032595	0.048117	-0.005816	-0.115792	-0.112825	0.005900	0.004784	-0.102429	-0.101320	-0.007082	-0.002642	-0.107879	-0.109980	-0.117730	0.005744	0.010696	0.004156	-0.110597	-0.106447	0.001353	-0.102462	-0.108805	-0.110206	-0.105537	-0.104310	0.008744	0.009708	-0.110462	
-0.104548	-0.097406	-0.095265	-0.097481	-0.090704	-0.143622	-0.142771	-0.140719	-0.139374	0.044555	0.036086	0.047597	0.046177	0.049364	0.041488	0.041126	-0.019144	-0.138170	-0.015047	0.008716	-0.003290	0.063209	0.066663	0.079781	-0.098662	-0.094306	-0.102102	-0.101831	-0.135770	0.047397	0.039324	0.048588	0.054483	0.035951	0.041091	0.988524	-0.088073	-0.100628	0.081803	0.041787	0.049021	-0.004123	-0.117858	-0.113878	0.000720	0.003595	-0.105537	-0.100725	-0.008512	-0.002866	-0.113416	-0.110157	-0.113884	0.004006	0.008698	0.000739	-0.111964	-0.103128	0.002995	-0.103868	-0.114386	-0.116716	-0.113448	-0.100257	0.004941	0.000372	-0.113893	
0.212591	0.229024	0.229493	0.234216	0.225304	0.129965	0.131952	0.133043	0.136320	-0.109384	-0.109285	-0.113850	-0.105845	-0.100741	-0.100797	-0.110080	-0.228819	0.139554	-0.232325	-0.248814	-0.244907	-0.290205	-0.293456	-0.295649	0.227372	0.229021	0.221018	0.226073	0.149102	-0.097526	-0.090573	-0.105674	-0.104443	-0.099849	-0.087466	-0.088073	0.886002	0.249361	-0.290396	-0.079981	-0.093555	-0.237820	0.176628	0.169110	-0.229760	-0.234757	0.161591	0.154503	-0.219156	-0.233322	0.152670	0.159102	0.167523	-0.236616	-0.231525	-0.227520	0.155867	0.152432	-0.244851	0.155393	0.164659	0.161111	0.165012	0.209172	-0.241601	-0.230799	0.167771	
0.264719	0.244085	0.240863	0.244975	0.239498	0.171200	0.173616	0.175306	0.179543	-0.124572	-0.123433	-0.127967	-0.120692	-0.113377	-0.117703	-0.120561	-0.235531	0.182184	-0.241065	-0.261922	-0.254641	-0.312540	-0.316739	-0.321912	0.235843	0.244542	0.234314	0.242119	0.192133	-0.108507	-0.103758	-0.118904	-0.118421	-0.115977	-0.100095	-0.100628	0.249361	0.851912	-0.317263	-0.095295	-0.106533	-0.246617	0.219835	0.213754	-0.242997	-0.249542	0.202479	0.192336	-0.227799	-0.242316	0.198730	0.206431	0.210808	-0.248650	-0.244027	-0.239975	0.204199	0.190553	-0.255179	0.193648	0.210211	0.204111	0.202777	0.237721	-0.249126	-0.247713	0.208173	
-0.307211	-0.303142	-0.302521	-0.296257	-0.292153	-0.304830	-0.303243	-0.300841	-0.301231	0.104541	0.102581	0.114151	0.100024	0.092498	0.103246	0.103151	0.194249	-0.301050	0.200308	0.266167	0.236609	0.414599	0.432769	0.459362	-0.299244	-0.299123	-0.299548	-0.302887	-0.302395	0.088980	0.080658	0.102278	0.097136	0.097745	0.079278	0.081803	-0.290396	-0.317263	1.168951	0.077138	0.088969	0.218232	-0.294701	-0.291707	0.213793	0.209365	-0.273552	-0.269193	0.196823	0.214011	-0.278799	-0.282240	-0.291922	0.227720	0.226983	0.211798	-0.281301	-0.264241	0.232340	-0.267964	-0.286341	-0.278406	-0.279931	-0.302517	0.228407	0.217413	-0.286154	
-0.102780	-0.094772	-0.087769	-0.090339	-0.085059	-0.138430	-0.136951	-0.135577	-0.133548	0.047282	0.036436	0.044309	0.040304	0.038077	0.037991	0.041441	-0.019473	-0.132254	-0.014282	0.009385	-0.005100	0.056374	0.060721	0.072405	-0.089296	-0.089965	-0.092325	-0.095947	-0.129323	0.036540	0.042589	0.042814	0.035824	0.033461	0.032595	0.041787	-0.079981	-0.095295	0.077138	0.982236	0.040977	-0.004077	-0.113070	-0.112353	-0.000042	0.002061	-0.107821	-0.099718	-0.006372	-0.003301	-0.109048	-0.109767	-0.112013	0.003071	0.006962	-0.001365	-0.108123	-0.098077	-0.001780	-0.100064	-0.112259	-0.104891	-0.108458	-0.093191	0.006632	0.002794	-0.107111	
-0.109341	-0.104061	-0.102721	-0.096918	-0.095744	-0.149358	-0.148639	-0.146400	-0.144401	0.044469	0.048189	0.052551	0.053137	0.042172	0.047076	0.047922	-0.017497	-0.142638	-0.012324	0.012774	-0.001651	0.064771	0.071231	0.084369	-0.102129	-0.102323	-0.104162	-0.107689	-0.141326	0.051125	0.052613	0.049018	0.048778	0.051273	0.048117	0.049021	-0.093555	-0.106533	0.088969	0.040977	0.979610	-0.000200	-0.121605	-0.119378	0.008385	0.011828	-0.107853	-0.108878	-0.003425	-0.003040	-0.111623	-0.112600	-0.115677	0.009419	0.009291	0.006928	-0.113299	-0.105351	0.005130	-0.104124	-0.116591	-0.110114	-0.109421	-0.108070	0.014320	0.012050	-0.117408	
-0.235777	-0.243506	-0.244410	-0.241928	-0.238504	-0.231645	-0.228766	-0.226611	-0.227245	0.013296	0.010635	0.009011	0.006577	-0.000587	0.004330	0.010902	0.439976	-0.227229	0.431056	0.383634	0.420329	0.263384	0.256449	0.224635	-0.242340	-0.240769	-0.241890	-0.244679	-0.230250	-0.002264	-0.006658	0.006689	0.005729	0.002053	-0.005816	-0.004123	-0.237820	-0.246617	0.218232	-0.004077	-0.000200	1.062092	-0.208638	-0.202244	0.379189	0.375330	-0.188864	-0.187150	0.366744	0.388448	-0.191255	-0.187241	-0.196257	0.358767	0.366546	0.345245	-0.193753	-0.173979	0.359162	-0.178100	-0.201489	-0.191353	-0.196569	-0.210640	0.364470	0.370390	-0.193518	
0.211519	0.186325	0.177376	0.175651	0.172326	0.243931	0.243096	0.243551	0.245120	-0.139104	-0.136359	-0.141988	-0.132772	-0.127727	-0.132110	-0.135596	-0.211989	0.247328	-0.216597	-0.239460	-0.231243	-0.290786	-0.293638	-0.299106	0.174962	0.180377	0.173202	0.182478	0.252888	-0.125525	-0.119378	-0.132537	-0.129823	-0.130429	-0.115792	-0.117858	0.176628	0.219835	-0.294701	-0.113070	-0.121605	-0.208638	0.826848	0.267175	-0.189950	-0.199836	0.238592	0.255815	-0.187830	-0.197660	0.241704	0.258194	0.258823	-0.207425	-0.201012	-0.189617	0.250371	0.239087	-0.211087	0.246759	0.268680	0.255523	0.252525	0.215008	-0.208064	-0.205354	0.268357	
0.213734	0.178045	0.168521	0.164213	0.161724	0.236926	0.235807	0.242849	0.238508	-0.138360	-0.134102	-0.138685	-0.132581	-0.129766	-0.135550	-0.134350	-0.211648	0.239998	-0.215004	-0.236869	-0.230747	-0.285961	-0.288409	-0.292662	0.170688	0.174720	0.169455	0.173187	0.248209	-0.121693	-0.118919	-0.130314	-0.127083	-0.127783	-0.112825	-0.113878	0.169110	0.213754	-0.291707	-0.112353	-0.119378	-0.202244	0.267175	0.806642	-0.183896	-0.182151	0.231275	0.223564	-0.187315	-0.191593	0.229187	0.235261	0.258816	-0.191614	-0.191105	-0.175685	0.241886	0.221581	-0.209512	0.230550	0.255131	0.238418	0.248034	0.209081	-0.185069	-0.181103	0.247745	
-0.184879	-0.237215	-0.240563	-0.237348	-0.226509	-0.229248	-0.228723	-0.223484	-0.226815	0.021234	0.014964	0.019469	0.018279	0.009711	0.012502	0.020399	0.379593	-0.226385	0.383431	0.361933	0.368932	0.252453	0.245786	0.220632	-0.235478	-0.236957	-0.238038	-0.237070	-0.229580	0.002190	-0.001959	0.008570	0.015887	0.006396	0.005900	0.000720	-0.229760	-0.242997	0.213793	-0.000042	0.008385	0.379189	-0.189950	-0.183896	0.955623	0.365515	-0.167878	-0.153700	0.355626	0.364271	-0.181275	-0.146104	-0.168805	0.350563	0.336181	0.361510	-0.163960	-0.135699	0.335172	-0.143422	-0.179375	-0.164562	-0.149016	-0.173723	0.317804	0.369245	-0.179750	
-0.201425	-0.246347	-0.244911	-0.244892	-0.237013	-0.234559	-0.234376	-0.227029	-0.232851	0.021338	0.015718	0.021749	0.011568	0.017367	0.009247	0.009580	0.393643	-0.228971	0.394614	0.362385	0.382265	0.254719	0.242735	0.218581	-0.237217	-0.240222	-0.240847	-0.242676	-0.232791	0.008995	0.008184	0.006743	0.008018	0.001626	0.004784	0.003595	-0.234757	-0.249542	0.209365	0.002061	0.011828	0.375330	-0.199836	-0.182151	0.365515	0.997383	-0.171606	-0.179656	0.374990	0.357184	-0.183957	-0.174282	-0.173026	0.365050	0.354300	0.346689	-0.160904	-0.125367	0.346929	-0.145586	-0.178318	-0.192085	-0.183446	-0.160985	0.339808	0.363309	-0.169882	
0.162276	0.165894	0.159883	0.162597	0.161770	0.221599	0.221642	0.221603	0.215811	-0.124062	-0.128022	-0.127351	-0.118312	-0.121827	-0.119103	-0.129380	-0.201147	0.230641	-0.201810	-0.224517	-0.217848	-0.273294	-0.276567	-0.276510	0.157142	0.167375	0.158533	0.162196	0.229134	-0.110030	-0.113338	-0.122018	-0.117760	-0.115118	-0.102429	-0.105537	0.161591	0.202479	-0.273552	-0.107821	-0.107853	-0.188864	0.238592	0.231275	-0.167878	-0.171606	0.732813	0.202646	-0.164277	-0.170798	0.214467	0.230514	0.226399	-0.190474	-0.173481	-0.155662	0.228214	0.222790	-0.195163	0.233403	0.249527	0.221155	0.260207	0.168324	-0.159759	-0.161578	0.236575	
0.207332	0.167355	0.152756	0.151597	0.151232	0.215025	0.210341	0.211019	0.215941	-0.125101	-0.120337	-0.124048	-0.119469	-0.111417	-0.116830	-0.120142	-0.197751	0.219926	-0.199879	-0.220814	-0.214379	-0.266101	-0.269369	-0.272196	0.155353	0.160576	0.152800	0.161220	0.226105	-0.108576	-0.104662	-0.112668	-0.106794	-0.117630	-0.101320	-0.100725	0.154503	0.192336	-0.269193	-0.099718	-0.108878	-0.187150	0.255815	0.223564	-0.153700	-0.179656	0.202646	0.741515	-0.164720	-0.150741	0.250749	0.231229	0.200445	-0.182688	-0.153765	-0.013284	0.229608	0.226258	-0.170820	0.228841	0.227975	0.213043	0.244054	0.178109	-0.192457	-0.159986	0.243148	
-0.199803	-0.225852	-0.228145	-0.224226	-0.221266	-0.216007	-0.214750	-0.213838	-0.212778	0.009256	0.007930	0.010391	0.004212	-0.001956	0.001721	0.011414	0.382210	-0.214251	0.383693	0.346952	0.376370	0.238284	0.225697	0.206027	-0.223028	-0.224007	-0.223459	-0.228169	-0.214246	-0.003418	-0.008827	0.003870	0.002349	0.002199	-0.007082	-0.008512	-0.219156	-0.227799	0.196823	-0.006372	-0.003425	0.366744	-0.187830	-0.187315	0.355626	0.374990	-0.164277	-0.164720	1.030790	0.361244	-0.184852	-0.175501	-0.187585	0.335159	0.343200	0.318244	-0.169555	-0.134458	0.329782	-0.148229	-0.173595	-0.175380	-0.164243	-0.180478	0.340712	0.310208	-0.173363	
-0.216628	-0.238383	-0.240051	-0.237118	-0.231017	-0.224676	-0.222873	-0.222190	-0.220892	0.012761	0.014273	0.012571	0.005874	0.000292	0.005459	0.010563	0.402473	-0.221046	0.395949	0.361361	0.388374	0.255969	0.250381	0.218648	-0.236818	-0.237101	-0.238571	-0.239958	-0.222604	0.001155	-0.003233	0.005591	0.008558	0.002232	-0.002642	-0.002866	-0.233322	-0.242316	0.214011	-0.003301	-0.003040	0.388448	-0.197660	-0.191593	0.364271	0.357184	-0.170798	-0.150741	0.361244	1.044595	-0.174927	-0.184573	-0.183830	0.363648	0.346386	0.341193	-0.184702	-0.165192	0.379887	-0.174041	-0.189934	-0.185629	-0.169325	-0.191111	0.347282	0.360377	-0.184923	
0.170160	0.169687	0.161528	0.158510	0.158490	0.219495	0.221478	0.226094	0.231837	-0.132340	-0.125403	-0.133582	-0.127726	-0.117462	-0.125171	-0.130776	-0.206096	0.233422	-0.210750	-0.231345	-0.220865	-0.273804	-0.281939	-0.284700	0.155667	0.156388	0.156525	0.171558	0.236310	-0.114473	-0.110517	-0.121118	-0.123228	-0.123197	-0.107879	-0.113416	0.152670	0.198730	-0.278799	-0.109048	-0.111623	-0.191255	0.241704	0.229187	-0.181275	-0.183957	0.214467	0.250749	-0.184852	-0.174927	0.764519	0.240789	0.223092	-0.191460	-0.182205	-0.151735	0.242501	0.205282	-0.175224	0.247843	0.230844	0.226340	0.189905	0.182715	-0.184588	-0.186621	0.249753	
0.164636	0.172250	0.162617	0.162050	0.154623	0.221288	0.223339	0.228126	0.229925	-0.132275	-0.130068	-0.133889	-0.125955	-0.122743	-0.126970	-0.127695	-0.207441	0.233364	-0.207568	-0.230340	-0.224898	-0.279553	-0.281795	-0.285998	0.161400	0.168848	0.155510	0.169404	0.235280	-0.115716	-0.109574	-0.122993	-0.125494	-0.125097	-0.109980	-0.110157	0.159102	0.206431	-0.282240	-0.109767	-0.112600	-0.187241	0.258194	0.235261	-0.146104	-0.174282	0.230514	0.231229	-0.175501	-0.184573	0.240789	0.763379	0.273689	-0.179303	-0.172314	-0.179260	0.253079	0.226606	-0.214280	0.235890	0.251360	0.230837	0.261802	0.199040	-0.175336	-0.173811	0.239341	
0.171244	0.185187	0.164220	0.163116	0.164163	0.235483	0.232022	0.240085	0.227932	-0.138603	-0.136232	-0.140343	-0.129433	-0.129784	-0.132328	-0.134207	-0.216082	0.240613	-0.221569	-0.242147	-0.235017	-0.287925	-0.289183	-0.297069	0.164227	0.169621	0.160819	0.175992	0.232995	-0.120885	-0.111670	-0.131955	-0.123136	-0.126149	-0.117730	-0.113884	0.167523	0.210808	-0.291922	-0.112013	-0.115677	-0.196257	0.258823	0.258816	-0.168805	-0.173026	0.226399	0.200445	-0.187585	-0.183830	0.223092	0.273689	0.800395	-0.179074	-0.188551	-0.189166	0.254579	0.205728	-0.196851	0.234930	0.266885	0.244133	0.211004	0.202719	-0.193289	-0.174421	0.256629	
-0.242501	-0.244022	-0.247427	-0.244383	-0.238091	-0.234593	-0.236571	-0.229757	-0.230506	0.023591	0.023037	0.021397	0.012000	0.007116	0.012365	0.014705	0.380338	-0.233517	0.378505	0.361025	0.377406	0.269288	0.247428	0.232160	-0.242855	-0.245131	-0.245274	-0.246021	-0.231970	0.003382	0.006934	0.017466	0.019861	0.011608	0.005744	0.004006	-0.236616	-0.248650	0.227720	0.003071	0.009419	0.358767	-0.207425	-0.191614	0.350563	0.365050	-0.190474	-0.182688	0.335159	0.363648	-0.191460	-0.179303	-0.179074	1.003538	0.351491	0.337683	-0.180897	-0.159845	0.320773	-0.158517	-0.186155	-0.176073	-0.172532	-0.180176	0.368295	0.353108	-0.189913	
-0.212718	-0.239913	-0.239495	-0.238152	-0.232592	-0.231119	-0.230273	-0.227342	-0.227261	0.022078	0.024134	0.023687	0.016707	0.010690	0.016592	0.020087	0.387431	-0.228214	0.384347	0.359185	0.377380	0.264409	0.254450	0.228519	-0.238611	-0.238535	-0.238446	-0.240701	-0.228885	0.006762	0.003406	0.019144	0.018792	0.014173	0.010696	0.008698	-0.231525	-0.244027	0.226983	0.006962	0.009291	0.366546	-0.201012	-0.191105	0.336181	0.354300	-0.173481	-0.153765	0.343200	0.346386	-0.182205	-0.172314	-0.188551	0.351491	0.979334	0.352723	-0.187180	-0.155608	0.351355	-0.160862	-0.189801	-0.183223	-0.171742	-0.197359	0.347076	0.339948	-0.189078	
-0.226089	-0.232532	-0.236533	-0.233983	-0.226673	-0.228182	-0.223430	-0.224898	-0.221049	0.011748	0.015299	0.013510	0.012935	0.010819	0.010369	0.016653	0.384452	-0.222420	0.374100	0.348965	0.363917	0.262288	0.242780	0.221358	-0.234372	-0.233352	-0.235019	-0.233907	-0.218124	-0.000181	0.001648	0.007462	0.007910	0.003340	0.004156	0.000739	-0.227520	-0.239975	0.211798	-0.001365	0.006928	0.345245	-0.189617	-0.175685	0.361510	0.346689	-0.155662	-0.013284	0.318244	0.341193	-0.151735	-0.179260	-0.189166	0.337683	0.352723	0.994787	-0.187442	-0.129091	0.316185	-0.149588	-0.183185	-0.149415	-0.151346	-0.197952	0.345085	0.402314	-0.156207	
0.215539	0.173077	0.162676	0.162422	0.157419	0.222704	0.223113	0.219896	0.226480	-0.131810	-0.133684	-0.134644	-0.130889	-0.118445	-0.127434	-0.133448	-0.206270	0.226929	-0.210158	-0.230262	-0.223825	-0.278661	-0.280325	-0.283463	0.157259	0.166491	0.157660	0.164286	0.235978	-0.117505	-0.112942	-0.125363	-0.122428	-0.123353	-0.110597	-0.111964	0.155867	0.204199	-0.281301	-0.108123	-0.113299	-0.193753	0.250371	0.241886	-0.163960	-0.160904	0.228214	0.229608	-0.169555	-0.184702	0.242501	0.253079	0.254579	-0.180897	-0.187180	-0.187442	0.786409	0.229654	-0.187447	0.233234	0.249164	0.229487	0.237192	0.208299	-0.183636	-0.174744	0.241092	
0.198425	0.157072	0.150125	0.141672	0.145945	0.203250	0.195954	0.206476	0.202527	-0.126537	-0.120888	-0.122898	-0.116679	-0.116008	-0.125514	-0.124523	-0.197389	0.206445	-0.198518	-0.219801	-0.214482	-0.263041	-0.266153	-0.267664	0.148077	0.156443	0.147450	0.152375	0.219187	-0.107968	-0.099624	-0.116927	-0.112030	-0.114196	-0.106447	-0.103128	0.152432	0.190553	-0.264241	-0.098077	-0.105351	-0.173979	0.239087	0.221581	-0.135699	-0.125367	0.222790	0.226258	-0.134458	-0.165192	0.205282	0.226606	0.205728	-0.159845	-0.155608	-0.129091	0.229654	0.705356	-0.181235	0.237788	0.239328	0.233670	0.222475	0.204808	-0.143343	-0.148422	0.235874	
-0.246690	-0.251442	-0.251605	-0.250004	-0.242127	-0.236683	-0.234408	-0.235035	-0.234575	0.013548	0.017557	0.020029	0.010275	0.001872	0.010804	0.021005	0.408336	-0.233421	0.407125	0.388328	0.393647	0.273963	0.265509	0.240867	-0.249815	-0.252655	-0.250845	-0.249346	-0.235856	0.002587	-0.005352	0.011754	0.012094	0.005817	0.001353	0.002995	-0.244851	-0.255179	0.232340	-0.001780	0.005130	0.359162	-0.211087	-0.209512	0.335172	0.346929	-0.195163	-0.170820	0.329782	0.379887	-0.175224	-0.214280	-0.196851	0.320773	0.351355	0.316185	-0.187447	-0.181235	1.064380	-0.187099	-0.206343	-0.192178	-0.190048	-0.143833	0.342040	0.302346	-0.191803	
0.191835	0.165795	0.152712	0.151414	0.149731	0.215372	0.213951	0.218487	0.220277	-0.128360	-0.122868	-0.125637	-0.122101	-0.113803	-0.118979	-0.123452	-0.195930	0.219752	-0.200292	-0.219551	-0.212253	-0.265646	-0.269232	-0.273186	0.151251	0.155236	0.154252	0.153564	0.227222	-0.110920	-0.103302	-0.117930	-0.114789	-0.113631	-0.102462	-0.103868	0.155393	0.193648	-0.267964	-0.100064	-0.104124	-0.178100	0.246759	0.230550	-0.143422	-0.145586	0.233403	0.228841	-0.148229	-0.174041	0.247843	0.235890	0.234930	-0.158517	-0.160862	-0.149588	0.233234	0.237788	-0.187099	0.734781	0.235471	0.220243	0.250150	0.191376	-0.160642	-0.148897	0.238760	
0.179056	0.177981	0.168771	0.163379	0.162523	0.230850	0.230688	0.228017	0.231579	-0.135774	-0.133782	-0.138720	-0.130383	-0.126332	-0.131191	-0.132283	-0.211880	0.234439	-0.216481	-0.234586	-0.229736	-0.283190	-0.285746	-0.290522	0.162661	0.170541	0.164106	0.173482	0.237395	-0.122737	-0.117272	-0.131960	-0.125003	-0.124112	-0.108805	-0.114386	0.164659	0.210211	-0.286341	-0.112259	-0.116591	-0.201489	0.268680	0.255131	-0.179375	-0.178318	0.249527	0.227975	-0.173595	-0.189934	0.230844	0.251360	0.266885	-0.186155	-0.189801	-0.183185	0.249164	0.239328	-0.206343	0.235471	0.794326	0.229000	0.250781	0.212215	-0.185788	-0.169279	0.271622	
0.195087	0.173538	0.161391	0.161687	0.160240	0.217859	0.210392	0.215915	0.220862	-0.132822	-0.129680	-0.137044	-0.128384	-0.126361	-0.124144	-0.127673	-0.207415	0.217929	-0.214986	-0.228893	-0.224907	-0.277950	-0.277308	-0.279924	0.160475	0.167771	0.158102	0.165459	0.233467	-0.117739	-0.108876	-0.122932	-0.116694	-0.121000	-0.110206	-0.116716	0.161111	0.204111	-0.278406	-0.104891	-0.110114	-0.191353	0.255523	0.238418	-0.164562	-0.192085	0.221155	0.213043	-0.175380	-0.185629	0.226340	0.230837	0.244133	-0.176073	-0.183223	-0.149415	0.229487	0.233670	-0.192178	0.220243	0.229000	0.770211	0.225714	0.182188	-0.184878	-0.154612	0.236461	
