1.003908	0.013100	0.002939	0.008013	0.004322	0.003665	-0.002027	-0.140249	-0.139257	-0.123497	-0.133851	-0.092108	-0.085817	-0.076356	0.006780	0.005348	-0.001123	-0.002280	-0.008736	-0.006523	0.000384	-0.072947	0.009132	-0.003246	-0.127277	-0.113862	-0.120839	-0.119338	-0.122367	-0.119278	-0.117399	-0.120984	-0.127421	-0.116270	-0.113831	
0.013100	1.004779	0.003888	0.009843	-0.001216	0.009188	0.005553	-0.143984	-0.143758	-0.124921	-0.135631	-0.091893	-0.086102	-0.078889	0.012707	0.004128	-0.003631	-0.000371	0.006033	-0.006634	-0.009878	-0.074668	-0.000872	0.003271	-0.129667	-0.118025	-0.121743	-0.120409	-0.122041	-0.116142	-0.116278	-0.115312	-0.122910	-0.117199	-0.120752	
0.002939	0.003888	0.992320	0.006650	0.006197	0.002703	-0.003492	-0.148301	-0.146358	-0.128165	-0.138429	-0.088116	-0.084230	-0.068771	0.001368	0.007902	0.004939	-0.005089	0.007126	0.004418	0.002121	-0.065359	0.002841	0.003724	-0.132396	-0.117018	-0.120689	-0.121095	-0.124816	-0.119029	-0.118003	-0.119979	-0.124435	-0.120631	-0.111662	
0.008013	0.009843	0.006650	0.995837	0.010770	0.005120	0.001368	-0.149207	-0.149360	-0.129290	-0.140870	-0.095199	-0.092882	-0.081974	0.003373	0.009175	0.001022	0.000703	0.010012	0.007328	0.004558	-0.074663	0.004657	0.009624	-0.131556	-0.114433	-0.124456	-0.122039	-0.126592	-0.125156	-0.120141	-0.115660	-0.128950	-0.126070	-0.122342	
0.004322	-0.001216	0.006197	0.010770	1.021234	0.007048	0.004240	-0.151835	-0.149946	-0.134678	-0.142875	-0.103667	-0.095826	-0.084659	0.002264	0.005983	0.008609	0.009207	0.007612	0.014000	0.016888	-0.080427	0.005969	0.001174	-0.136047	-0.126544	-0.120601	-0.126035	-0.130921	-0.127193	-0.123961	-0.119939	-0.134171	-0.128244	-0.132965	
0.003665	0.009188	0.002703	0.005120	0.007048	1.019748	0.004308	-0.146939	-0.147209	-0.130491	-0.140601	-0.095576	-0.088302	-0.079656	0.016617	0.000455	0.005218	-0.002816	0.000708	-0.001021	0.001592	-0.072666	0.000599	0.003658	-0.132856	-0.121359	-0.126041	-0.123176	-0.127480	-0.122970	-0.119603	-0.119496	-0.127411	-0.123946	-0.118951	
-0.002027	0.005553	-0.003492	0.001368	0.004240	0.004308	1.014215	-0.146639	-0.144010	-0.125376	-0.138463	-0.090502	-0.091297	-0.076870	0.003815	0.011523	-0.002618	0.010349	0.008305	-0.000952	-0.002590	-0.074637	0.005289	0.001022	-0.129336	-0.113614	-0.127319	-0.115588	-0.124032	-0.126162	-0.117511	-0.116824	-0.120007	-0.119591	-0.116114	
-0.140249	-0.143984	-0.148301	-0.149207	-0.151835	-0.146939	-0.146639	1.143199	0.436736	0.230598	0.300409	0.019826	0.007258	-0.036593	-0.152924	-0.151884	-0.150135	-0.150396	-0.148783	-0.149664	-0.150776	-0.042833	-0.148052	-0.151644	0.264588	0.201347	0.215949	0.213166	0.228600	0.199815	0.210416	0.210811	0.228080	0.207639	0.195434	
-0.139257	-0.143758	-0.146358	-0.149360	-0.149946	-0.147209	-0.144010	0.436736	1.120166	0.225907	0.298114	0.028457	0.008333	-0.026657	-0.152253	-0.150563	-0.147477	-0.149603	-0.148998	-0.148819	-0.150715	-0.040767	-0.146299	-0.149665	0.255857	0.205639	0.211653	0.209704	0.221305	0.195221	0.207252	0.205470	0.218063	0.194100	0.185521	
-0.123497	-0.124921	-0.128165	-0.129290	-0.134678	-0.130491	-0.125376	0.230598	0.225907	0.987058	0.224337	0.069408	0.053433	0.022968	-0.133882	-0.134453	-0.131202	-0.128164	-0.131716	-0.132589	-0.133594	0.017446	-0.129928	-0.131657	0.193972	0.173310	0.171700	0.165408	0.178275	0.167900	0.175108	0.165953	0.192485	0.167670	0.163001	
-0.133851	-0.135631	-0.138429	-0.140870	-0.142875	-0.140601	-0.138463	0.300409	0.298114	0.224337	1.079648	0.049824	0.033112	-0.002094	-0.145780	-0.145114	-0.143591	-0.142360	-0.143194	-0.144918	-0.144360	-0.010525	-0.142868	-0.144832	0.237112	0.194825	0.198634	0.198563	0.207918	0.187744	0.197599	0.189474	0.208959	0.178742	0.175071	
-0.092108	-0.091893	-0.088116	-0.095199	-0.103667	-0.095576	-0.090502	0.019826	0.028457	0.069408	0.049824	0.911642	0.152554	0.143824	-0.106387	-0.103442	-0.095630	-0.095383	-0.096264	-0.104503	-0.103913	0.138905	-0.106411	-0.103140	0.040765	0.036753	0.036505	0.025023	0.039916	0.050778	0.046216	0.043028	0.048578	0.040352	0.037834	
-0.085817	-0.086102	-0.084230	-0.092882	-0.095826	-0.088302	-0.091297	0.007258	0.008333	0.053433	0.033112	0.152554	0.895366	0.156447	-0.100705	-0.099181	-0.091711	-0.090537	-0.094264	-0.100832	-0.101361	0.155037	-0.102303	-0.097839	0.030817	0.029816	0.019941	0.011582	0.029702	0.028752	0.034306	0.024500	0.036997	0.033415	0.032009	
-0.076356	-0.078889	-0.068771	-0.081974	-0.084659	-0.079656	-0.076870	-0.036593	-0.026657	0.022968	-0.002094	0.143824	0.156447	0.881217	-0.087322	-0.090656	-0.079069	-0.077055	-0.081338	-0.087649	-0.089049	0.179838	-0.092676	-0.086960	-0.003314	0.004110	-0.006772	-0.011805	-0.003362	0.007589	0.005083	0.003282	0.010425	0.006502	0.006951	
0.006780	0.012707	0.001368	0.003373	0.002264	0.016617	0.003815	-0.152924	-0.152253	-0.133882	-0.145780	-0.106387	-0.100705	-0.087322	1.012306	0.003204	0.011334	0.022777	0.010373	0.003396	0.013147	-0.082651	0.006291	0.014158	-0.137857	-0.126294	-0.124718	-0.125549	-0.128387	-0.130232	-0.127303	-0.124873	-0.134779	-0.127673	-0.124062	
0.005348	0.004128	0.007902	0.009175	0.005983	0.000455	0.011523	-0.151884	-0.150563	-0.134453	-0.145114	-0.103442	-0.099181	-0.090656	0.003204	1.013185	0.013431	0.004102	0.008901	0.005947	0.010527	-0.086140	0.019803	0.019634	-0.138363	-0.128090	-0.124090	-0.127968	-0.129732	-0.124595	-0.125509	-0.120813	-0.134645	-0.128715	-0.119973	
-0.001123	-0.003631	0.004939	0.001022	0.008609	0.005218	-0.002618	-0.150135	-0.147477	-0.131202	-0.143591	-0.095630	-0.091711	-0.079069	0.011334	0.013431	1.005513	0.001768	0.007838	0.011658	0.009433	-0.073346	0.007330	0.006393	-0.131447	-0.125936	-0.129820	-0.120868	-0.129698	-0.121365	-0.119449	-0.122852	-0.129472	-0.117956	-0.119100	
-0.002280	-0.000371	-0.005089	0.000703	0.009207	-0.002816	0.010349	-0.150396	-0.149603	-0.128164	-0.142360	-0.095383	-0.090537	-0.077055	0.022777	0.004102	0.001768	0.998134	0.013457	0.013608	0.017456	-0.076553	0.001013	0.002733	-0.132739	-0.120626	-0.130237	-0.122664	-0.126876	-0.120361	-0.118793	-0.120679	-0.129480	-0.121673	-0.108242	
-0.008736	0.006033	0.007126	0.010012	0.007612	0.000708	0.008305	-0.148783	-0.148998	-0.131716	-0.143194	-0.096264	-0.094264	-0.081338	0.010373	0.008901	0.007838	0.013457	1.006308	0.014243	-0.003641	-0.075245	-0.002204	0.011705	-0.134982	-0.122180	-0.132947	-0.123116	-0.130414	-0.129206	-0.121412	-0.121212	-0.130030	-0.123918	-0.115671	
-0.006523	-0.006634	0.004418	0.007328	0.014000	-0.001021	-0.000952	-0.149664	-0.148819	-0.132589	-0.144918	-0.104503	-0.100832	-0.087649	0.003396	0.005947	0.011658	0.013608	0.014243	1.030777	0.015882	-0.087155	0.010607	0.016083	-0.135532	-0.122224	-0.126462	-0.124948	-0.128962	-0.121432	-0.118073	-0.121013	-0.128432	-0.123716	-0.120007	
0.000384	-0.009878	0.002121	0.004558	0.016888	0.001592	-0.002590	-0.150776	-0.150715	-0.133594	-0.144360	-0.103913	-0.101361	-0.089049	0.013147	0.010527	0.009433	0.017456	-0.003641	0.015882	1.026256	-0.085212	0.019396	0.016436	-0.135340	-0.125579	-0.123932	-0.125412	-0.129764	-0.126819	-0.122425	-0.122860	-0.130479	-0.125324	-0.129859	
-0.072947	-0.074668	-0.065359	-0.074663	-0.080427	-0.072666	-0.074637	-0.042833	-0.040767	0.017446	-0.010525	0.138905	0.155037	0.179838	-0.082651	-0.086140	-0.073346	-0.076553	-0.075245	-0.087155	-0.085212	0.857598	-0.087017	-0.081557	-0.006822	-0.003215	-0.009644	-0.019079	-0.006211	0.001551	0.005749	-0.005252	0.004268	0.005559	0.002361	
0.009132	-0.000872	0.002841	0.004657	0.005969	0.000599	0.005289	-0.148052	-0.146299	-0.129928	-0.142868	-0.106411	-0.102303	-0.092676	0.006291	0.019803	0.007330	0.001013	-0.002204	0.010607	0.019396	-0.087017	1.028325	0.012590	-0.132745	-0.124811	-0.126518	-0.121679	-0.125878	-0.124313	-0.119921	-0.120171	-0.128245	-0.123800	-0.122836	
-0.003246	0.003271	0.003724	0.009624	0.001174	0.003658	0.001022	-0.151644	-0.149665	-0.131657	-0.144832	-0.103140	-0.097839	-0.086960	0.014158	0.019634	0.006393	0.002733	0.011705	0.016083	0.016436	-0.081557	0.012590	1.005513	-0.133390	-0.120768	-0.121469	-0.124555	-0.131860	-0.125636	-0.121497	-0.120798	-0.128401	-0.119096	-0.122646	
-0.127277	-0.129667	-0.132396	-0.131556	-0.136047	-0.132856	-0.129336	0.264588	0.255857	0.193972	0.237112	0.040765	0.030817	-0.003314	-0.137857	-0.138363	-0.131447	-0.132739	-0.134982	-0.135532	-0.135340	-0.006822	-0.132745	-0.133390	1.000304	0.203057	0.190798	0.194277	0.208194	0.179985	0.185768	0.175870	0.169885	0.183268	0.179878	
-0.113862	-0.118025	-0.117018	-0.114433	-0.126544	-0.121359	-0.113614	0.201347	0.205639	0.173310	0.194825	0.036753	0.029816	0.004110	-0.126294	-0.128090	-0.125936	-0.120626	-0.122180	-0.122224	-0.125579	-0.003215	-0.124811	-0.120768	0.203057	0.888611	0.199703	0.209181	0.220712	0.179513	0.170141	0.169986	0.171433	0.169836	0.186904	
-0.120839	-0.121743	-0.120689	-0.124456	-0.120601	-0.126041	-0.127319	0.215949	0.211653	0.171700	0.198634	0.036505	0.019941	-0.006772	-0.124718	-0.124090	-0.129820	-0.130237	-0.132947	-0.126462	-0.123932	-0.009644	-0.126518	-0.121469	0.190798	0.199703	0.940985	0.188818	0.195640	0.173305	0.183946	0.167923	0.160572	0.152511	0.241343	
-0.119338	-0.120409	-0.121095	-0.122039	-0.126035	-0.123176	-0.115588	0.213166	0.209704	0.165408	0.198563	0.025023	0.011582	-0.011805	-0.125549	-0.127968	-0.120868	-0.122664	-0.123116	-0.124948	-0.125412	-0.019079	-0.121679	-0.124555	0.194277	0.209181	0.188818	0.990697	0.199247	0.166492	0.175521	0.151611	0.175173	0.165075	0.139452	
-0.122367	-0.122041	-0.124816	-0.126592	-0.130921	-0.127480	-0.124032	0.228600	0.221305	0.178275	0.207918	0.039916	0.029702	-0.003362	-0.128387	-0.129732	-0.129698	-0.126876	-0.130414	-0.128962	-0.129764	-0.006211	-0.125878	-0.131860	0.208194	0.220712	0.195640	0.199247	0.988036	0.175046	0.172189	0.167311	0.209073	0.173883	0.169846	
-0.119278	-0.116142	-0.119029	-0.125156	-0.127193	-0.122970	-0.126162	0.199815	0.195221	0.167900	0.187744	0.050778	0.028752	0.007589	-0.130232	-0.124595	-0.121365	-0.120361	-0.129206	-0.121432	-0.126819	0.001551	-0.124313	-0.125636	0.179985	0.179513	0.173305	0.166492	0.175046	0.919855	0.169701	0.158772	0.146098	0.176717	0.194821	
-0.117399	-0.116278	-0.118003	-0.120141	-0.123961	-0.119603	-0.117511	0.210416	0.207252	0.175108	0.197599	0.046216	0.034306	0.005083	-0.127303	-0.125509	-0.119449	-0.118793	-0.121412	-0.118073	-0.122425	0.005749	-0.119921	-0.121497	0.185768	0.170141	0.183946	0.175521	0.172189	0.169701	0.905910	0.171754	0.176709	0.168622	0.167888	
-0.120984	-0.115312	-0.119979	-0.115660	-0.119939	-0.119496	-0.116824	0.210811	0.205470	0.165953	0.189474	0.043028	0.024500	0.003282	-0.124873	-0.120813	-0.122852	-0.120679	-0.121212	-0.121013	-0.122860	-0.005252	-0.120171	-0.120798	0.175870	0.169986	0.167923	0.151611	0.167311	0.158772	0.171754	0.935906	0.151655	0.159167	0.223717	
-0.127421	-0.122910	-0.124435	-0.128950	-0.134171	-0.127411	-0.120007	0.228080	0.218063	0.192485	0.208959	0.048578	0.036997	0.010425	-0.134779	-0.134645	-0.129472	-0.129480	-0.130030	-0.128432	-0.130479	0.004268	-0.128245	-0.128401	0.169885	0.171433	0.160572	0.175173	0.209073	0.146098	0.176709	0.151655	0.980365	0.158332	0.129429	
-0.116270	-0.117199	-0.120631	-0.126070	-0.128244	-0.123946	-0.119591	0.207639	0.194100	0.167670	0.178742	0.040352	0.033415	0.006502	-0.127673	-0.128715	-0.117956	-0.121673	-0.123918	-0.123716	-0.125324	0.005559	-0.123800	-0.119096	0.183268	0.169836	0.152511	0.165075	0.173883	0.176717	0.168622	0.159167	0.158332	0.907110	0.168191	
-0.113831	-0.120752	-0.111662	-0.122342	-0.132965	-0.118951	-0.116114	0.195434	0.185521	0.163001	0.175071	0.037834	0.032009	0.006951	-0.124062	-0.119973	-0.119100	-0.108242	-0.115671	-0.120007	-0.129859	0.002361	-0.122836	-0.122646	0.179878	0.186904	0.241343	0.139452	0.169846	0.194821	0.167888	0.223717	0.129429	0.168191	0.902485	
