0.893723	0.155443	0.130075	0.128423	0.125447	0.438811	0.385449	0.353923	-0.148109	-0.147324	-0.152626	-0.149623	-0.140151	-0.145501	-0.147379	-0.199367	0.349455	-0.203987	-0.229657	-0.219294	-0.279396	-0.284161	-0.288680	0.129048	0.127298	0.122569	0.134597	0.329834	0.175724	-0.136670	-0.137000	-0.144053	-0.142296	-0.142547	-0.130650	-0.134531	0.125012	0.161494	-0.287434	-0.127645	-0.138190	-0.210226	0.229717	0.211124	-0.207013	-0.217397	0.216103	0.187152	-0.201911	-0.204181	0.213516	0.229759	0.234322	-0.199681	-0.207549	-0.188077	0.243991	0.199156	-0.212504	0.213763	0.221693	0.225159	0.196654	0.138456	-0.208928	-0.197269	0.224169	
0.155443	0.907592	0.224566	0.224409	0.221868	0.176747	0.174996	0.172359	-0.122476	-0.121601	-0.125284	-0.117603	-0.110967	-0.115036	-0.120585	-0.233204	0.175013	-0.238168	-0.256862	-0.251102	-0.300990	-0.304236	-0.307883	0.218488	0.225838	0.217465	0.223292	0.178440	0.233181	-0.108149	-0.107511	-0.120544	-0.118800	-0.116049	-0.101236	-0.102173	0.224850	0.239662	-0.305765	-0.098027	-0.109785	-0.246969	0.187025	0.178596	-0.239946	-0.248228	0.167319	0.167009	-0.228856	-0.241408	0.168659	0.173803	0.187225	-0.246903	-0.242944	-0.234791	0.171916	0.156223	-0.253185	0.165655	0.177850	0.173178	0.171445	0.220820	-0.249012	-0.239522	0.177804	
0.130075	0.224566	0.903592	0.227891	0.219997	0.146480	0.145478	0.148783	-0.117716	-0.119013	-0.121811	-0.115201	-0.110910	-0.113988	-0.119504	-0.234613	0.150980	-0.239038	-0.257262	-0.251193	-0.300175	-0.303219	-0.306982	0.286546	0.226248	0.253875	0.240208	0.157237	0.230883	-0.109406	-0.105414	-0.118592	-0.116783	-0.114931	-0.104659	-0.100877	0.222720	0.235500	-0.305208	-0.091886	-0.109333	-0.248167	0.176479	0.169032	-0.243511	-0.247640	0.159242	0.152798	-0.231121	-0.244119	0.163212	0.162406	0.163365	-0.251770	-0.242925	-0.238992	0.162252	0.149221	-0.255156	0.152897	0.168095	0.160531	0.159689	0.212650	-0.248569	-0.245488	0.164629	
0.128423	0.224409	0.227891	0.914272	0.257935	0.143970	0.144127	0.146565	-0.118521	-0.118767	-0.123893	-0.117317	-0.108372	-0.111075	-0.116985	-0.232631	0.150134	-0.237511	-0.254824	-0.249011	-0.295254	-0.297287	-0.301484	0.228202	0.226570	0.220794	0.225945	0.155972	0.233173	-0.106673	-0.104290	-0.116791	-0.114088	-0.107925	-0.102164	-0.102890	0.228477	0.239565	-0.299113	-0.094350	-0.103882	-0.245744	0.174902	0.164790	-0.239361	-0.246719	0.160991	0.151087	-0.227439	-0.240819	0.157408	0.160464	0.161050	-0.247696	-0.241661	-0.236244	0.161477	0.142386	-0.253635	0.150851	0.162528	0.160544	0.156453	0.217900	-0.242821	-0.238818	0.165217	
0.125447	0.221868	0.219997	0.257935	0.904133	0.140656	0.140086	0.141962	-0.113818	-0.116769	-0.116894	-0.111469	-0.109601	-0.107936	-0.114678	-0.229195	0.144547	-0.233432	-0.250182	-0.244903	-0.290982	-0.292939	-0.296380	0.214351	0.224243	0.213952	0.220360	0.151165	0.225982	-0.101468	-0.100962	-0.112798	-0.112301	-0.106650	-0.096966	-0.095840	0.219334	0.232932	-0.294593	-0.088765	-0.101728	-0.242083	0.171166	0.160757	-0.229995	-0.239275	0.161334	0.151423	-0.224998	-0.234618	0.156618	0.152339	0.162463	-0.241528	-0.236385	-0.231932	0.156937	0.144029	-0.244186	0.148947	0.161694	0.160292	0.157112	0.208216	-0.240639	-0.243123	0.160371	
0.438811	0.176747	0.146480	0.143970	0.140656	1.003917	0.449462	0.411942	-0.153281	-0.152390	-0.158149	-0.151284	-0.145628	-0.149040	-0.153336	-0.204137	0.408001	-0.210176	-0.235115	-0.226445	-0.288659	-0.292506	-0.297452	0.145201	0.148365	0.143296	0.152702	0.380160	0.199937	-0.145259	-0.140324	-0.151630	-0.151368	-0.148057	-0.137840	-0.138054	0.138163	0.178460	-0.297594	-0.132063	-0.144626	-0.224667	0.254415	0.245899	-0.222201	-0.227156	0.233617	0.226104	-0.209704	-0.218351	0.232007	0.231844	0.239896	-0.228585	-0.224737	-0.219708	0.231428	0.212883	-0.230055	0.226375	0.239000	0.226739	0.234635	0.155628	-0.230779	-0.232735	0.237749	
0.385449	0.174996	0.145478	0.144127	0.140086	0.449462	0.969679	0.407178	-0.151875	-0.151287	-0.155978	-0.150121	-0.143418	-0.147465	-0.151504	-0.201771	0.403540	-0.207681	-0.232995	-0.223695	-0.285973	-0.290183	-0.295209	0.145106	0.150398	0.144245	0.152886	0.377081	0.201045	-0.143232	-0.139128	-0.149250	-0.149801	-0.145473	-0.136036	-0.136317	0.139217	0.179776	-0.295254	-0.130749	-0.143354	-0.221839	0.252424	0.250727	-0.219202	-0.221910	0.233740	0.222503	-0.208294	-0.217893	0.232006	0.236769	0.247508	-0.225829	-0.222604	-0.219301	0.228762	0.214415	-0.229751	0.226272	0.236181	0.224431	0.224608	0.155397	-0.229471	-0.228093	0.239284	
0.353923	0.172359	0.148783	0.146565	0.141962	0.411942	0.407178	0.966726	-0.150778	-0.151039	-0.155743	-0.149576	-0.142554	-0.147051	-0.150943	-0.203311	0.411053	-0.209103	-0.233796	-0.224886	-0.287435	-0.291545	-0.296640	0.146918	0.151937	0.144815	0.155254	0.382263	0.201987	-0.142094	-0.138415	-0.148502	-0.147818	-0.145132	-0.135470	-0.136565	0.140456	0.182181	-0.296559	-0.129931	-0.142242	-0.223782	0.252382	0.246788	-0.222708	-0.228352	0.223958	0.222815	-0.209688	-0.217674	0.239123	0.238423	0.234108	-0.227341	-0.224094	-0.217375	0.232762	0.208994	-0.230437	0.226933	0.239782	0.227309	0.226200	0.156447	-0.227034	-0.233627	0.243127	
-0.148109	-0.122476	-0.117716	-0.118521	-0.113818	-0.153281	-0.151875	-0.150778	1.004089	0.064215	0.056853	0.057976	0.050574	0.051077	0.052433	0.000472	-0.150962	0.004296	0.028423	0.015976	0.081397	0.089543	0.099887	-0.121075	-0.116822	-0.124440	-0.127003	-0.148698	-0.131867	0.050461	0.049435	0.049714	0.049881	0.040713	0.037109	0.042183	-0.113082	-0.128552	0.102046	0.044897	0.043913	0.014188	-0.140974	-0.139397	0.021294	0.019799	-0.125115	-0.124813	0.008738	0.013298	-0.134062	-0.134187	-0.140203	0.023171	0.022190	0.011449	-0.134491	-0.126358	0.015117	-0.130491	-0.136590	-0.134572	-0.134191	-0.130448	0.025488	0.026303	-0.135977	
-0.147324	-0.121601	-0.119013	-0.118767	-0.116769	-0.152390	-0.151287	-0.151039	0.064215	1.004507	0.060241	0.060127	0.046604	0.055311	0.058447	-0.002660	-0.150638	0.001214	0.026291	0.014526	0.083241	0.088309	0.098411	-0.119849	-0.121502	-0.121978	-0.123374	-0.148935	-0.130373	0.055230	0.045536	0.048427	0.049744	0.053092	0.037251	0.034582	-0.114884	-0.129268	0.102474	0.034401	0.047195	0.010792	-0.137951	-0.135442	0.017145	0.017437	-0.131756	-0.120223	0.008312	0.014127	-0.127051	-0.132188	-0.137587	0.022305	0.024196	0.014848	-0.135187	-0.122665	0.017023	-0.123484	-0.134870	-0.129794	-0.131096	-0.123146	0.022938	0.019538	-0.133028	
-0.152626	-0.125284	-0.121811	-0.123893	-0.116894	-0.158149	-0.155978	-0.155743	0.056853	0.060241	1.002319	0.059691	0.054142	0.054953	0.050740	-0.004046	-0.155132	0.000327	0.027420	0.014649	0.087967	0.094378	0.111077	-0.123318	-0.123728	-0.125273	-0.131237	-0.154962	-0.136649	0.049023	0.053451	0.058131	0.049758	0.057063	0.047143	0.046317	-0.118979	-0.133648	0.113124	0.041581	0.052342	0.009190	-0.143647	-0.141115	0.019667	0.023360	-0.129645	-0.126825	0.011004	0.013672	-0.134237	-0.134608	-0.141822	0.022400	0.023706	0.015441	-0.137824	-0.122281	0.020454	-0.127675	-0.139891	-0.138480	-0.135178	-0.129858	0.023308	0.030274	-0.135863	
-0.149623	-0.117603	-0.115201	-0.117317	-0.111469	-0.151284	-0.150121	-0.149576	0.057976	0.060127	0.059691	0.994537	0.053058	0.051982	0.051019	-0.010321	-0.150106	-0.006708	0.021215	0.007794	0.078075	0.081328	0.093654	-0.119692	-0.115420	-0.121548	-0.123098	-0.148704	-0.128813	0.047389	0.048429	0.053177	0.052845	0.056935	0.048066	0.044596	-0.111983	-0.126186	0.100908	0.038002	0.050998	0.006805	-0.134291	-0.134331	0.017358	0.010597	-0.120164	-0.119327	0.004686	0.007565	-0.130182	-0.127597	-0.132897	0.012986	0.016801	0.014675	-0.131754	-0.118478	0.011183	-0.123200	-0.131734	-0.130258	-0.127010	-0.127633	0.013918	0.010273	-0.126895	
-0.140151	-0.110967	-0.110910	-0.108372	-0.109601	-0.145628	-0.143418	-0.142554	0.050574	0.046604	0.054142	0.053058	0.999662	0.047846	0.050970	-0.013814	-0.143029	-0.008893	0.014389	0.004009	0.066778	0.077016	0.088908	-0.110335	-0.111686	-0.110621	-0.115439	-0.141174	-0.121075	0.040425	0.041485	0.052310	0.052741	0.049610	0.045407	0.046533	-0.105343	-0.118151	0.091074	0.034324	0.039722	0.000016	-0.129724	-0.130859	0.009403	0.016514	-0.122613	-0.114495	-0.002172	0.000709	-0.118046	-0.124203	-0.131419	0.007756	0.011823	0.009513	-0.120249	-0.117435	0.003432	-0.116133	-0.126241	-0.126047	-0.118100	-0.119194	0.009731	0.003961	-0.123555	
-0.145501	-0.115036	-0.113988	-0.111075	-0.107936	-0.149040	-0.147465	-0.147051	0.051077	0.055311	0.054953	0.051982	0.047846	1.006394	0.050646	-0.009724	-0.145405	-0.005359	0.018511	0.007297	0.076341	0.085358	0.095765	-0.115384	-0.114411	-0.115552	-0.118712	-0.144701	-0.124495	0.050282	0.039301	0.051670	0.045475	0.044088	0.038291	0.038914	-0.104224	-0.121871	0.100730	0.033690	0.044609	0.004504	-0.133943	-0.136369	0.012993	0.008995	-0.121465	-0.119238	0.000438	0.005978	-0.126054	-0.129193	-0.131849	0.013122	0.017188	0.012031	-0.127517	-0.126398	0.010999	-0.121584	-0.132261	-0.125894	-0.126605	-0.122347	0.016482	0.014834	-0.128825	
-0.147379	-0.120585	-0.119504	-0.116985	-0.114678	-0.153336	-0.151504	-0.150943	0.052433	0.058447	0.050740	0.051019	0.050970	0.050646	1.007839	-0.006020	-0.150794	-0.000652	0.026496	0.012119	0.084428	0.084334	0.099852	-0.117423	-0.121128	-0.120279	-0.122671	-0.149638	-0.130206	0.050553	0.052323	0.049363	0.058780	0.055510	0.039824	0.040172	-0.115117	-0.125245	0.101675	0.038935	0.045564	0.010628	-0.137163	-0.134500	0.020712	0.010425	-0.132837	-0.121482	0.012553	0.011823	-0.131816	-0.128358	-0.134563	0.018167	0.020880	0.014282	-0.135161	-0.126255	0.022063	-0.126529	-0.133563	-0.130975	-0.125513	-0.121114	0.021166	0.029669	-0.134001	
-0.199367	-0.233204	-0.234613	-0.232631	-0.229195	-0.204137	-0.201771	-0.203311	0.000472	-0.002660	-0.004046	-0.010321	-0.013814	-0.009724	-0.006020	1.191286	-0.204267	0.608374	0.451118	0.514479	0.262069	0.249439	0.205327	-0.233917	-0.232181	-0.233163	-0.234293	-0.206348	-0.236311	-0.017058	-0.019242	-0.010823	-0.012403	-0.012687	-0.018640	-0.018909	-0.230457	-0.237661	0.196649	-0.019999	-0.016902	0.444398	-0.213035	-0.212253	0.383997	0.397645	-0.203889	-0.199072	0.387306	0.407196	-0.207035	-0.209340	-0.217060	0.385190	0.391905	0.387248	-0.206859	-0.197124	0.412170	-0.196596	-0.213000	-0.208698	-0.204484	-0.231255	0.390003	0.376398	-0.210446	
0.349455	0.175013	0.150980	0.150134	0.144547	0.408001	0.403540	0.411053	-0.150962	-0.150638	-0.155132	-0.150106	-0.143029	-0.145405	-0.150794	-0.204267	0.960243	-0.209769	-0.234990	-0.226161	-0.288051	-0.291901	-0.296997	0.149403	0.153527	0.147432	0.156649	0.383055	0.206536	-0.141953	-0.138308	-0.148519	-0.149310	-0.145384	-0.135139	-0.135691	0.144425	0.185770	-0.297199	-0.129520	-0.141458	-0.224078	0.255491	0.245742	-0.221905	-0.224873	0.237566	0.227934	-0.210633	-0.218272	0.240074	0.241765	0.243747	-0.230794	-0.225524	-0.217888	0.233125	0.212235	-0.230045	0.226887	0.241523	0.225163	0.232400	0.160777	-0.230309	-0.233473	0.241375	
-0.203987	-0.238168	-0.239038	-0.237511	-0.233432	-0.210176	-0.207681	-0.209103	0.004296	0.001214	0.000327	-0.006708	-0.008893	-0.005359	-0.000652	0.608374	-0.209769	1.177037	0.448939	0.511701	0.272335	0.253046	0.217499	-0.237841	-0.236616	-0.237711	-0.238550	-0.211900	-0.241127	-0.013167	-0.014882	-0.005345	-0.008021	-0.009197	-0.014396	-0.015269	-0.234215	-0.242948	0.202554	-0.015118	-0.011435	0.437788	-0.217111	-0.215651	0.385886	0.399464	-0.202587	-0.201044	0.388082	0.402689	-0.211781	-0.209827	-0.220038	0.383896	0.388728	0.379615	-0.211225	-0.198833	0.410997	-0.200908	-0.216450	-0.215584	-0.205684	-0.238268	0.379567	0.374729	-0.213349	
-0.229657	-0.256862	-0.257262	-0.254824	-0.250182	-0.235115	-0.232995	-0.233796	0.028423	0.026291	0.027420	0.021215	0.014389	0.018511	0.026496	0.451118	-0.234990	0.448939	1.132067	0.448262	0.319564	0.305708	0.275881	-0.255840	-0.254276	-0.255121	-0.256892	-0.236981	-0.263974	0.012444	0.009187	0.018598	0.020851	0.014888	0.009678	0.008730	-0.250465	-0.264009	0.268907	0.008504	0.014079	0.388677	-0.240558	-0.237265	0.363012	0.365689	-0.225887	-0.221213	0.351950	0.365282	-0.232023	-0.232234	-0.243731	0.365407	0.363535	0.351017	-0.231781	-0.219453	0.393276	-0.221208	-0.235266	-0.230100	-0.228405	-0.253890	0.359784	0.345965	-0.231969	
-0.219294	-0.251102	-0.251193	-0.249011	-0.244903	-0.226445	-0.223695	-0.224886	0.015976	0.014526	0.014649	0.007794	0.004009	0.007297	0.012119	0.514479	-0.226161	0.511701	0.448262	1.185487	0.299404	0.283467	0.249638	-0.250072	-0.248769	-0.249481	-0.251387	-0.227834	-0.255885	-0.000610	-0.003412	0.005464	0.004871	0.002558	-0.004014	-0.003837	-0.246656	-0.256640	0.238345	-0.005388	-0.001074	0.424835	-0.232122	-0.231777	0.374493	0.386764	-0.219818	-0.215619	0.382177	0.392247	-0.222319	-0.226536	-0.236281	0.382886	0.382270	0.366833	-0.224844	-0.216054	0.399104	-0.213356	-0.230667	-0.227259	-0.222844	-0.247040	0.372872	0.365841	-0.225137	
-0.279396	-0.300990	-0.300175	-0.295254	-0.290982	-0.288659	-0.285973	-0.287435	0.081397	0.083241	0.087967	0.078075	0.066778	0.076341	0.084428	0.262069	-0.288051	0.272335	0.319564	0.299404	1.193689	0.429503	0.422268	-0.297305	-0.296513	-0.297756	-0.300738	-0.289865	-0.314772	0.063496	0.064213	0.077555	0.076801	0.073340	0.061653	0.062395	-0.292811	-0.315173	0.414720	0.054205	0.066157	0.266617	-0.291998	-0.286742	0.253713	0.255725	-0.275523	-0.267381	0.241054	0.261137	-0.275034	-0.281798	-0.288369	0.272777	0.268048	0.265913	-0.280659	-0.263154	0.276761	-0.266846	-0.283596	-0.279325	-0.278711	-0.304943	0.264048	0.259294	-0.282436	
-0.284161	-0.304236	-0.303219	-0.297287	-0.292939	-0.292506	-0.290183	-0.291545	0.089543	0.088309	0.094378	0.081328	0.077016	0.085358	0.084334	0.249439	-0.291901	0.253046	0.305708	0.283467	0.429503	1.194243	0.435810	-0.299598	-0.299537	-0.301019	-0.303348	-0.293835	-0.318377	0.070854	0.068522	0.083924	0.082936	0.077689	0.066424	0.065365	-0.295987	-0.319640	0.434140	0.059029	0.071358	0.260416	-0.295002	-0.290257	0.247832	0.243702	-0.279063	-0.271057	0.227951	0.252474	-0.282118	-0.283353	-0.291582	0.252151	0.257517	0.246501	-0.281536	-0.267860	0.266504	-0.270963	-0.287185	-0.279371	-0.277353	-0.305716	0.260279	0.252064	-0.287110	
-0.288680	-0.307883	-0.306982	-0.301484	-0.296380	-0.297452	-0.295209	-0.296640	0.099887	0.098411	0.111077	0.093654	0.088908	0.095765	0.099852	0.205327	-0.296997	0.217499	0.275881	0.249638	0.422268	0.435810	1.200455	-0.302689	-0.302232	-0.303325	-0.307208	-0.299161	-0.323256	0.083782	0.077804	0.097349	0.096631	0.090534	0.080032	0.078933	-0.297960	-0.324427	0.459332	0.070064	0.084845	0.228000	-0.300218	-0.294316	0.223107	0.220921	-0.278785	-0.275234	0.210078	0.222701	-0.285806	-0.287151	-0.297725	0.237097	0.231462	0.224710	-0.285183	-0.268086	0.244001	-0.273938	-0.291966	-0.282015	-0.286795	-0.310353	0.235354	0.226659	-0.290550	
0.129048	0.218488	0.286546	0.228202	0.214351	0.145201	0.145106	0.146918	-0.121075	-0.119849	-0.123318	-0.119692	-0.110335	-0.115384	-0.117423	-0.233917	0.149403	-0.237841	-0.255840	-0.250072	-0.297305	-0.299598	-0.302689	0.912448	0.232803	0.264753	0.232304	0.156747	0.227714	-0.109322	-0.104727	-0.118425	-0.117369	-0.114825	-0.102467	-0.104484	0.221997	0.230712	-0.302523	-0.093150	-0.108996	-0.246144	0.174281	0.170670	-0.238564	-0.240231	0.157564	0.155924	-0.226643	-0.241281	0.155320	0.160601	0.162363	-0.246315	-0.242145	-0.238473	0.156608	0.146524	-0.252861	0.150973	0.160322	0.157023	0.162457	0.209531	-0.248700	-0.247176	0.166532	
0.127298	0.225838	0.226248	0.226570	0.224243	0.148365	0.150398	0.151937	-0.116822	-0.121502	-0.123728	-0.115420	-0.111686	-0.114411	-0.121128	-0.232181	0.153527	-0.236616	-0.254276	-0.248769	-0.296513	-0.299537	-0.302232	0.232803	0.904136	0.234233	0.246797	0.160899	0.231380	-0.106308	-0.104461	-0.116175	-0.110460	-0.111171	-0.102279	-0.100102	0.224135	0.237905	-0.301290	-0.094087	-0.108312	-0.244319	0.180263	0.174724	-0.240672	-0.242574	0.165070	0.159712	-0.227784	-0.241403	0.156519	0.169556	0.169174	-0.249767	-0.242240	-0.237001	0.166894	0.155781	-0.256140	0.154785	0.170334	0.167487	0.169030	0.216338	-0.247248	-0.246417	0.167083	
0.122569	0.217465	0.253875	0.220794	0.213952	0.143296	0.144245	0.144815	-0.124440	-0.121978	-0.125273	-0.121548	-0.110621	-0.115552	-0.120279	-0.233163	0.147432	-0.237711	-0.255121	-0.249481	-0.297756	-0.301019	-0.303325	0.264753	0.234233	0.914495	0.320326	0.154382	0.224558	-0.113486	-0.106644	-0.118385	-0.117670	-0.114864	-0.102738	-0.107867	0.215465	0.228176	-0.301703	-0.096997	-0.110790	-0.245172	0.173197	0.168535	-0.240579	-0.243993	0.157919	0.151750	-0.226940	-0.241612	0.155631	0.153702	0.160831	-0.248692	-0.242181	-0.238382	0.156886	0.147590	-0.254742	0.153670	0.162730	0.157194	0.157295	0.212220	-0.244002	-0.244854	0.166310	
0.134597	0.223292	0.240208	0.225945	0.220360	0.152702	0.152886	0.155254	-0.127003	-0.123374	-0.131237	-0.123098	-0.115439	-0.118712	-0.122671	-0.234293	0.156649	-0.238550	-0.256892	-0.251387	-0.300738	-0.303348	-0.307208	0.232304	0.246797	0.320326	0.913449	0.164347	0.233080	-0.110133	-0.109581	-0.120433	-0.121834	-0.115620	-0.104912	-0.107371	0.219837	0.236148	-0.305462	-0.099926	-0.114216	-0.247929	0.181343	0.173103	-0.240369	-0.244411	0.161956	0.160661	-0.230784	-0.243846	0.171606	0.168392	0.177437	-0.248651	-0.243798	-0.237800	0.163990	0.151698	-0.253435	0.153200	0.173124	0.164576	0.166056	0.214350	-0.249665	-0.247311	0.172630	
0.329834	0.178440	0.157237	0.155972	0.151165	0.380160	0.377081	0.382263	-0.148698	-0.148935	-0.154962	-0.148704	-0.141174	-0.144701	-0.149638	-0.206348	0.383055	-0.211900	-0.236981	-0.227834	-0.289865	-0.293835	-0.299161	0.156747	0.160899	0.154382	0.164347	0.957443	0.216540	-0.140572	-0.136431	-0.146254	-0.147501	-0.143661	-0.133492	-0.134081	0.151332	0.193383	-0.299070	-0.127188	-0.140828	-0.228026	0.260215	0.254087	-0.226932	-0.230224	0.237334	0.233086	-0.211255	-0.220760	0.242350	0.241010	0.243796	-0.231457	-0.226710	-0.216416	0.243057	0.223871	-0.233117	0.232520	0.244422	0.238498	0.229372	0.165652	-0.233480	-0.226739	0.246804	
0.175724	0.233181	0.230883	0.233173	0.225982	0.199937	0.201045	0.201987	-0.131867	-0.130373	-0.136649	-0.128813	-0.121075	-0.124495	-0.130206	-0.236311	0.206536	-0.241127	-0.263974	-0.255885	-0.314772	-0.318377	-0.323256	0.227714	0.231380	0.224558	0.233080	0.216540	0.858308	-0.120066	-0.114828	-0.127496	-0.127476	-0.124658	-0.111277	-0.111283	0.232141	0.290677	-0.321800	-0.104272	-0.120864	-0.252812	0.225562	0.218400	-0.247975	-0.249449	0.209660	0.198209	-0.234318	-0.246577	0.204179	0.214694	0.217599	-0.255499	-0.249432	-0.245232	0.212074	0.190104	-0.258905	0.198776	0.213200	0.208091	0.208845	0.233002	-0.254188	-0.250700	0.216800	
-0.136670	-0.108149	-0.109406	-0.106673	-0.101468	-0.145259	-0.143232	-0.142094	0.050461	0.055230	0.049023	0.047389	0.040425	0.050282	0.050553	-0.017058	-0.141953	-0.013167	0.012444	-0.000610	0.063496	0.070854	0.083782	-0.109322	-0.106308	-0.113486	-0.110133	-0.140572	-0.120066	0.988965	0.038427	0.054281	0.062944	0.048851	0.036082	0.045959	-0.102791	-0.113803	0.088234	0.034203	0.049060	-0.002444	-0.126749	-0.123082	0.003231	0.009092	-0.110630	-0.111366	-0.003129	0.001800	-0.116485	-0.117842	-0.122246	0.003126	0.007283	0.001924	-0.118255	-0.111272	0.002194	-0.111720	-0.123956	-0.118694	-0.118057	-0.108608	0.008390	0.009918	-0.124031	
-0.137000	-0.107511	-0.105414	-0.104290	-0.100962	-0.140324	-0.139128	-0.138415	0.049435	0.045536	0.053451	0.048429	0.041485	0.039301	0.052323	-0.019242	-0.138308	-0.014882	0.009187	-0.003412	0.064213	0.068522	0.077804	-0.104727	-0.104461	-0.106644	-0.109581	-0.136431	-0.114828	0.038427	0.988049	0.052440	0.046670	0.047803	0.035910	0.038231	-0.097718	-0.111217	0.081785	0.040534	0.052400	-0.006256	-0.121226	-0.119837	-0.002187	0.006318	-0.113256	-0.106835	-0.008188	-0.002054	-0.113249	-0.111848	-0.113978	0.006848	0.003932	0.002589	-0.115149	-0.100636	-0.003736	-0.104853	-0.118380	-0.112056	-0.114315	-0.109380	0.004264	0.012765	-0.116383	
-0.144053	-0.120544	-0.118592	-0.116791	-0.112798	-0.151630	-0.149250	-0.148502	0.049714	0.048427	0.058131	0.053177	0.052310	0.051670	0.049363	-0.010823	-0.148519	-0.005345	0.018598	0.005464	0.077555	0.083924	0.097349	-0.118425	-0.116175	-0.118385	-0.120433	-0.146254	-0.127496	0.054281	0.052440	0.996103	0.049782	0.055173	0.049383	0.047884	-0.111568	-0.125042	0.101625	0.040489	0.049065	0.006676	-0.134222	-0.132408	0.010207	0.007273	-0.122841	-0.115865	0.004313	0.005977	-0.121886	-0.125311	-0.132841	0.018441	0.019545	0.006887	-0.127156	-0.119461	0.011934	-0.119295	-0.133241	-0.125033	-0.126186	-0.121132	0.021571	0.016125	-0.129478	
-0.142296	-0.118800	-0.116783	-0.114088	-0.112301	-0.151368	-0.149801	-0.147818	0.049881	0.049744	0.049758	0.052845	0.052741	0.045475	0.058780	-0.012403	-0.149310	-0.008021	0.020851	0.004871	0.076801	0.082936	0.096631	-0.117369	-0.110460	-0.117670	-0.121834	-0.147501	-0.127476	0.062944	0.046670	0.049782	0.992133	0.058086	0.049068	0.052220	-0.109837	-0.124664	0.096914	0.034209	0.047098	0.006024	-0.131191	-0.129160	0.015829	0.008226	-0.120768	-0.109720	0.001992	0.009356	-0.124654	-0.126755	-0.124898	0.021300	0.019760	0.008567	-0.123907	-0.114454	0.012101	-0.115987	-0.126699	-0.117587	-0.124111	-0.118449	0.020371	0.031013	-0.126893	
-0.142547	-0.116049	-0.114931	-0.107925	-0.106650	-0.148057	-0.145473	-0.145132	0.040713	0.053092	0.057063	0.056935	0.049610	0.044088	0.055510	-0.012687	-0.145384	-0.009197	0.014888	0.002558	0.073340	0.077689	0.090534	-0.114825	-0.111171	-0.114864	-0.115620	-0.143661	-0.124658	0.048851	0.047803	0.055173	0.058086	0.993809	0.047235	0.034325	-0.104894	-0.121393	0.096855	0.030881	0.049805	0.002557	-0.131800	-0.129274	0.008499	0.001651	-0.117182	-0.119517	0.002584	0.002344	-0.124684	-0.127121	-0.127286	0.010546	0.014378	0.004946	-0.125011	-0.117454	0.005645	-0.115963	-0.125328	-0.123040	-0.119599	-0.118936	0.014528	0.016489	-0.128195	
-0.130650	-0.101236	-0.104659	-0.102164	-0.096966	-0.137840	-0.136036	-0.135470	0.037109	0.037251	0.047143	0.048066	0.045407	0.038291	0.039824	-0.018640	-0.135139	-0.014396	0.009678	-0.004014	0.061653	0.066424	0.080032	-0.102467	-0.102279	-0.102738	-0.104912	-0.133492	-0.111277	0.036082	0.035910	0.049383	0.049068	0.047235	0.988711	0.040699	-0.094726	-0.107706	0.080051	0.030547	0.048388	-0.005767	-0.116915	-0.114478	0.005309	0.004479	-0.105352	-0.104073	-0.008206	-0.001751	-0.108175	-0.112048	-0.121079	0.006228	0.011045	0.003102	-0.112392	-0.108919	0.002060	-0.103985	-0.111091	-0.112075	-0.107822	-0.107494	0.008475	0.009746	-0.113489	
-0.134531	-0.102173	-0.100877	-0.102890	-0.095840	-0.138054	-0.136317	-0.136565	0.042183	0.034582	0.046317	0.044596	0.046533	0.038914	0.040172	-0.018909	-0.135691	-0.015269	0.008730	-0.003837	0.062395	0.065365	0.078933	-0.104484	-0.100102	-0.107867	-0.107371	-0.134081	-0.111283	0.045959	0.038231	0.047884	0.052220	0.034325	0.040699	0.987673	-0.094266	-0.107173	0.081148	0.038691	0.049825	-0.004170	-0.119318	-0.114623	0.000556	0.003825	-0.108508	-0.101320	-0.007437	-0.002405	-0.116438	-0.111249	-0.116162	0.003397	0.008827	0.000538	-0.112259	-0.104870	0.003195	-0.105521	-0.115276	-0.118526	-0.115812	-0.103699	0.003979	0.001658	-0.115534	
0.125012	0.224850	0.222720	0.228477	0.219334	0.138163	0.139217	0.140456	-0.113082	-0.114884	-0.118979	-0.111983	-0.105343	-0.104224	-0.115117	-0.230457	0.144425	-0.234215	-0.250465	-0.246656	-0.292811	-0.295987	-0.297960	0.221997	0.224135	0.215465	0.219837	0.151332	0.232141	-0.102791	-0.097718	-0.111568	-0.109837	-0.104894	-0.094726	-0.094266	0.889592	0.243762	-0.293613	-0.084240	-0.100295	-0.241467	0.175904	0.169202	-0.232609	-0.237605	0.160771	0.153882	-0.222859	-0.237318	0.151801	0.158527	0.169537	-0.240953	-0.235314	-0.230460	0.154882	0.149584	-0.248685	0.154220	0.163056	0.160359	0.164301	0.206055	-0.244926	-0.235101	0.166635	
0.161494	0.239662	0.235500	0.239565	0.232932	0.178460	0.179776	0.182181	-0.128552	-0.129268	-0.133648	-0.126186	-0.118151	-0.121871	-0.125245	-0.237661	0.185770	-0.242948	-0.264009	-0.256640	-0.315173	-0.319640	-0.324427	0.230712	0.237905	0.228176	0.236148	0.193383	0.290677	-0.113803	-0.111217	-0.125042	-0.124664	-0.121393	-0.107706	-0.107173	0.243762	0.863516	-0.320592	-0.100082	-0.113397	-0.251095	0.218927	0.212377	-0.247615	-0.252499	0.201228	0.191731	-0.231993	-0.247197	0.197774	0.204365	0.208210	-0.253298	-0.248004	-0.244527	0.203474	0.188796	-0.258560	0.193011	0.209427	0.202722	0.200925	0.234882	-0.252899	-0.252599	0.207775	
-0.287434	-0.305765	-0.305208	-0.299113	-0.294593	-0.297594	-0.295254	-0.296559	0.102046	0.102474	0.113124	0.100908	0.091074	0.100730	0.101675	0.196649	-0.297199	0.202554	0.268907	0.238345	0.414720	0.434140	0.459332	-0.302523	-0.301290	-0.301703	-0.305462	-0.299070	-0.321800	0.088234	0.081785	0.101625	0.096914	0.096855	0.080051	0.081148	-0.293613	-0.320592	1.174645	0.075373	0.089831	0.222234	-0.296440	-0.293587	0.216304	0.213004	-0.276134	-0.271889	0.199303	0.217845	-0.279418	-0.284142	-0.292708	0.228022	0.229809	0.215002	-0.283031	-0.265179	0.234287	-0.269835	-0.287595	-0.279614	-0.281839	-0.306852	0.232430	0.221420	-0.288492	
-0.127645	-0.098027	-0.091886	-0.094350	-0.088765	-0.132063	-0.130749	-0.129931	0.044897	0.034401	0.041581	0.038002	0.034324	0.033690	0.038935	-0.019999	-0.129520	-0.015118	0.008504	-0.005388	0.054205	0.059029	0.070064	-0.093150	-0.094087	-0.096997	-0.099926	-0.127188	-0.104272	0.034203	0.040534	0.040489	0.034209	0.030881	0.030547	0.038691	-0.084240	-0.100082	0.075373	0.983482	0.039437	-0.004006	-0.113965	-0.113125	0.000135	0.002427	-0.110511	-0.100888	-0.006927	-0.002883	-0.111631	-0.111635	-0.113585	0.002714	0.007447	-0.000912	-0.109465	-0.099455	-0.002344	-0.100869	-0.112384	-0.106452	-0.108674	-0.097250	0.006534	0.003542	-0.108242	
-0.138190	-0.109785	-0.109333	-0.103882	-0.101728	-0.144626	-0.143354	-0.142242	0.043913	0.047195	0.052342	0.050998	0.039722	0.044609	0.045564	-0.016902	-0.141458	-0.011435	0.014079	-0.001074	0.066157	0.071358	0.084845	-0.108996	-0.108312	-0.110790	-0.114216	-0.140828	-0.120864	0.049060	0.052400	0.049065	0.047098	0.049805	0.048388	0.049825	-0.100295	-0.113397	0.089831	0.039437	0.980189	0.000286	-0.123326	-0.121348	0.007922	0.013217	-0.110786	-0.110791	-0.003153	-0.002058	-0.113305	-0.114301	-0.116660	0.010329	0.009569	0.005947	-0.115416	-0.107782	0.005841	-0.105541	-0.118145	-0.112972	-0.111777	-0.112767	0.014826	0.012081	-0.119170	
-0.210226	-0.246969	-0.248167	-0.245744	-0.242083	-0.224667	-0.221839	-0.223782	0.014188	0.010792	0.009190	0.006805	0.000016	0.004504	0.010628	0.444398	-0.224078	0.437788	0.388677	0.424835	0.266617	0.260416	0.228000	-0.246144	-0.244319	-0.245172	-0.247929	-0.228026	-0.252812	-0.002444	-0.006256	0.006676	0.006024	0.002557	-0.005767	-0.004170	-0.241467	-0.251095	0.222234	-0.004006	0.000286	1.073696	-0.208956	-0.203165	0.387528	0.378811	-0.187762	-0.188434	0.368754	0.391794	-0.191022	-0.187904	-0.199272	0.364576	0.369231	0.355717	-0.196214	-0.175991	0.362433	-0.179989	-0.200274	-0.190663	-0.199216	-0.215490	0.363840	0.368143	-0.194633	
0.229717	0.187025	0.176479	0.174902	0.171166	0.254415	0.252424	0.252382	-0.140974	-0.137951	-0.143647	-0.134291	-0.129724	-0.133943	-0.137163	-0.213035	0.255491	-0.217111	-0.240558	-0.232122	-0.291998	-0.295002	-0.300218	0.174281	0.180263	0.173197	0.181343	0.260215	0.225562	-0.126749	-0.121226	-0.134222	-0.131191	-0.131800	-0.116915	-0.119318	0.175904	0.218927	-0.296440	-0.113965	-0.123326	-0.208956	0.827019	0.268347	-0.188124	-0.200142	0.242169	0.256476	-0.187879	-0.199271	0.246315	0.259868	0.266314	-0.206739	-0.202717	-0.186416	0.252800	0.244468	-0.210507	0.249919	0.268608	0.259297	0.258577	0.214026	-0.207917	-0.206978	0.273853	
0.211124	0.178596	0.169032	0.164790	0.160757	0.245899	0.250727	0.246788	-0.139397	-0.135442	-0.141115	-0.134331	-0.130859	-0.136369	-0.134500	-0.212253	0.245742	-0.215651	-0.237265	-0.231777	-0.286742	-0.290257	-0.294316	0.170670	0.174724	0.168535	0.173103	0.254087	0.218400	-0.123082	-0.119837	-0.132408	-0.129160	-0.129274	-0.114478	-0.114623	0.169202	0.212377	-0.293587	-0.113125	-0.121348	-0.203165	0.268347	0.807003	-0.187723	-0.187917	0.239472	0.224179	-0.186703	-0.191517	0.231381	0.241946	0.264086	-0.191894	-0.191970	-0.176971	0.245395	0.225139	-0.211168	0.234595	0.255505	0.238263	0.251924	0.208766	-0.187667	-0.185056	0.254785	
-0.207013	-0.239946	-0.243511	-0.239361	-0.229995	-0.222201	-0.219202	-0.222708	0.021294	0.017145	0.019667	0.017358	0.009403	0.012993	0.020712	0.383997	-0.221905	0.385886	0.363012	0.374493	0.253713	0.247832	0.223107	-0.238564	-0.240672	-0.240579	-0.240369	-0.226932	-0.247975	0.003231	-0.002187	0.010207	0.015829	0.008499	0.005309	0.000556	-0.232609	-0.247615	0.216304	0.000135	0.007922	0.387528	-0.188124	-0.187723	0.965522	0.370410	-0.166113	-0.157763	0.357653	0.372405	-0.181137	-0.150461	-0.160081	0.355012	0.339521	0.360071	-0.163652	-0.131655	0.335377	-0.143243	-0.180134	-0.162898	-0.152708	-0.183678	0.326316	0.390342	-0.180991	
-0.217397	-0.248228	-0.247640	-0.246719	-0.239275	-0.227156	-0.221910	-0.228352	0.019799	0.017437	0.023360	0.010597	0.016514	0.008995	0.010425	0.397645	-0.224873	0.399464	0.365689	0.386764	0.255725	0.243702	0.220921	-0.240231	-0.242574	-0.243993	-0.244411	-0.230224	-0.249449	0.009092	0.006318	0.007273	0.008226	0.001651	0.004479	0.003825	-0.237605	-0.252499	0.213004	0.002427	0.013217	0.378811	-0.200142	-0.187917	0.370410	1.003502	-0.175206	-0.181182	0.385021	0.366726	-0.184443	-0.173623	-0.176043	0.375724	0.353011	0.344337	-0.163810	-0.128181	0.339437	-0.142352	-0.178452	-0.196144	-0.188172	-0.167195	0.328727	0.360269	-0.172060	
0.216103	0.167319	0.159242	0.160991	0.161334	0.233617	0.233740	0.223958	-0.125115	-0.131756	-0.129645	-0.120164	-0.122613	-0.121465	-0.132837	-0.203889	0.237566	-0.202587	-0.225887	-0.219818	-0.275523	-0.279063	-0.278785	0.157564	0.165070	0.157919	0.161956	0.237334	0.209660	-0.110630	-0.113256	-0.122841	-0.120768	-0.117182	-0.105352	-0.108508	0.160771	0.201228	-0.276134	-0.110511	-0.110786	-0.187762	0.242169	0.239472	-0.166113	-0.175206	0.739038	0.209357	-0.165160	-0.174364	0.215980	0.221287	0.228801	-0.194042	-0.174609	-0.156871	0.233802	0.238879	-0.198354	0.237563	0.245494	0.218280	0.275242	0.167817	-0.165093	-0.159995	0.235034	
0.187152	0.167009	0.152798	0.151087	0.151423	0.226104	0.222503	0.222815	-0.124813	-0.120223	-0.126825	-0.119327	-0.114495	-0.119238	-0.121482	-0.199072	0.227934	-0.201044	-0.221213	-0.215619	-0.267381	-0.271057	-0.275234	0.155924	0.159712	0.151750	0.160661	0.233086	0.198209	-0.111366	-0.106835	-0.115865	-0.109720	-0.119517	-0.104073	-0.101320	0.153882	0.191731	-0.271889	-0.100888	-0.110791	-0.188434	0.256476	0.224179	-0.157763	-0.181182	0.209357	0.746496	-0.165522	-0.153162	0.252417	0.229861	0.204313	-0.185140	-0.156637	-0.025154	0.225561	0.235121	-0.175014	0.225664	0.228308	0.204261	0.242280	0.188864	-0.196279	-0.162589	0.253153	
-0.201911	-0.228856	-0.231121	-0.227439	-0.224998	-0.209704	-0.208294	-0.209688	0.008738	0.008312	0.011004	0.004686	-0.002172	0.000438	0.012553	0.387306	-0.210633	0.388082	0.351950	0.382177	0.241054	0.227951	0.210078	-0.226643	-0.227784	-0.226940	-0.230784	-0.211255	-0.234318	-0.003129	-0.008188	0.004313	0.001992	0.002584	-0.008206	-0.007437	-0.222859	-0.231993	0.199303	-0.006927	-0.003153	0.368754	-0.187879	-0.186703	0.357653	0.385021	-0.165160	-0.165522	1.040085	0.366756	-0.185757	-0.176722	-0.180995	0.342046	0.346073	0.325149	-0.170159	-0.134270	0.335353	-0.149278	-0.173637	-0.174423	-0.167017	-0.180504	0.342024	0.322924	-0.173626	
-0.204181	-0.241408	-0.244119	-0.240819	-0.234618	-0.218351	-0.217893	-0.217674	0.013298	0.014127	0.013672	0.007565	0.000709	0.005978	0.011823	0.407196	-0.218272	0.402689	0.365282	0.392247	0.261137	0.252474	0.222701	-0.241281	-0.241403	-0.241612	-0.243846	-0.220760	-0.246577	0.001800	-0.002054	0.005977	0.009356	0.002344	-0.001751	-0.002405	-0.237318	-0.247197	0.217845	-0.002883	-0.002058	0.391794	-0.199271	-0.191517	0.372405	0.366726	-0.174364	-0.153162	0.366756	1.054997	-0.177323	-0.186510	-0.189063	0.361438	0.348404	0.336285	-0.188297	-0.167963	0.378153	-0.170710	-0.188165	-0.187940	-0.170511	-0.191658	0.354989	0.358431	-0.186875	
0.213516	0.168659	0.163212	0.157408	0.156618	0.232007	0.232006	0.239123	-0.134062	-0.127051	-0.134237	-0.130182	-0.118046	-0.126054	-0.131816	-0.207035	0.240074	-0.211781	-0.232023	-0.222319	-0.275034	-0.282118	-0.285806	0.155320	0.156519	0.155631	0.171606	0.242350	0.204179	-0.116485	-0.113249	-0.121886	-0.124654	-0.124684	-0.108175	-0.116438	0.151801	0.197774	-0.279418	-0.111631	-0.113305	-0.191022	0.246315	0.231381	-0.181137	-0.184443	0.215980	0.252417	-0.185757	-0.177323	0.763127	0.236841	0.230991	-0.188579	-0.183181	-0.153512	0.241345	0.215066	-0.173687	0.256229	0.235838	0.224111	0.193484	0.185821	-0.182886	-0.180490	0.249022	
0.229759	0.173803	0.162406	0.160464	0.152339	0.231844	0.236769	0.238423	-0.134187	-0.132188	-0.134608	-0.127597	-0.124203	-0.129193	-0.128358	-0.209340	0.241765	-0.209827	-0.232234	-0.226536	-0.281798	-0.283353	-0.287151	0.160601	0.169556	0.153702	0.168392	0.241010	0.214694	-0.117842	-0.111848	-0.125311	-0.126755	-0.127121	-0.112048	-0.111249	0.158527	0.204365	-0.284142	-0.111635	-0.114301	-0.187904	0.259868	0.241946	-0.150461	-0.173623	0.221287	0.229861	-0.176722	-0.186510	0.236841	0.766171	0.284669	-0.178139	-0.175973	-0.180674	0.252856	0.228446	-0.217465	0.239288	0.253933	0.231855	0.263156	0.199603	-0.174479	-0.176752	0.237031	
0.234322	0.187225	0.163365	0.161050	0.162463	0.239896	0.247508	0.234108	-0.140203	-0.137587	-0.141822	-0.132897	-0.131419	-0.131849	-0.134563	-0.217060	0.243747	-0.220038	-0.243731	-0.236281	-0.288369	-0.291582	-0.297725	0.162363	0.169174	0.160831	0.177437	0.243796	0.217599	-0.122246	-0.113978	-0.132841	-0.124898	-0.127286	-0.121079	-0.116162	0.169537	0.208210	-0.292708	-0.113585	-0.116660	-0.199272	0.266314	0.264086	-0.160081	-0.176043	0.228801	0.204313	-0.180995	-0.189063	0.230991	0.284669	0.798807	-0.179217	-0.190286	-0.192169	0.254549	0.220119	-0.202455	0.238216	0.263687	0.242040	0.220041	0.213628	-0.188236	-0.173395	0.254999	
-0.199681	-0.246903	-0.251770	-0.247696	-0.241528	-0.228585	-0.225829	-0.227341	0.023171	0.022305	0.022400	0.012986	0.007756	0.013122	0.018167	0.385190	-0.230794	0.383896	0.365407	0.382886	0.272777	0.252151	0.237097	-0.246315	-0.249767	-0.248692	-0.248651	-0.231457	-0.255499	0.003126	0.006848	0.018441	0.021300	0.010546	0.006228	0.003397	-0.240953	-0.253298	0.228022	0.002714	0.010329	0.364576	-0.206739	-0.191894	0.355012	0.375724	-0.194042	-0.185140	0.342046	0.361438	-0.188579	-0.178139	-0.179217	1.012091	0.354216	0.342351	-0.184409	-0.164272	0.331150	-0.155278	-0.185616	-0.179376	-0.172744	-0.176895	0.367914	0.363773	-0.191303	
-0.207549	-0.242944	-0.242925	-0.241661	-0.236385	-0.224737	-0.222604	-0.224094	0.022190	0.024196	0.023706	0.016801	0.011823	0.017188	0.020880	0.391905	-0.225524	0.388728	0.363535	0.382270	0.268048	0.257517	0.231462	-0.242145	-0.242240	-0.242181	-0.243798	-0.226710	-0.249432	0.007283	0.003932	0.019545	0.019760	0.014378	0.011045	0.008827	-0.235314	-0.248004	0.229809	0.007447	0.009569	0.369231	-0.202717	-0.191970	0.339521	0.353011	-0.174609	-0.156637	0.346073	0.348404	-0.183181	-0.175973	-0.190286	0.354216	0.990379	0.358711	-0.187247	-0.157327	0.359190	-0.161013	-0.191604	-0.183842	-0.174889	-0.200543	0.350197	0.347512	-0.191210	
-0.188077	-0.234791	-0.238992	-0.236244	-0.231932	-0.219708	-0.219301	-0.217375	0.011449	0.014848	0.015441	0.014675	0.009513	0.012031	0.014282	0.387248	-0.217888	0.379615	0.351017	0.366833	0.265913	0.246501	0.224710	-0.238473	-0.237001	-0.238382	-0.237800	-0.216416	-0.245232	0.001924	0.002589	0.006887	0.008567	0.004946	0.003102	0.000538	-0.230460	-0.244527	0.215002	-0.000912	0.005947	0.355717	-0.186416	-0.176971	0.360071	0.344337	-0.156871	-0.025154	0.325149	0.336285	-0.153512	-0.180674	-0.192169	0.342351	0.358711	1.004415	-0.186221	-0.128098	0.323079	-0.148994	-0.183283	-0.157476	-0.146701	-0.197157	0.349856	0.391276	-0.155414	
0.243991	0.171916	0.162252	0.161477	0.156937	0.231428	0.228762	0.232762	-0.134491	-0.135187	-0.137824	-0.131754	-0.120249	-0.127517	-0.135161	-0.206859	0.233125	-0.211225	-0.231781	-0.224844	-0.280659	-0.281536	-0.285183	0.156608	0.166894	0.156886	0.163990	0.243057	0.212074	-0.118255	-0.115149	-0.127156	-0.123907	-0.125011	-0.112392	-0.112259	0.154882	0.203474	-0.283031	-0.109465	-0.115416	-0.196214	0.252800	0.245395	-0.163652	-0.163810	0.233802	0.225561	-0.170159	-0.188297	0.241345	0.252856	0.254549	-0.184409	-0.187247	-0.186221	0.787226	0.225520	-0.188725	0.233639	0.251839	0.229768	0.240904	0.213686	-0.184602	-0.164403	0.239800	
0.199156	0.156223	0.149221	0.142386	0.144029	0.212883	0.214415	0.208994	-0.126358	-0.122665	-0.122281	-0.118478	-0.117435	-0.126398	-0.126255	-0.197124	0.212235	-0.198833	-0.219453	-0.216054	-0.263154	-0.267860	-0.268086	0.146524	0.155781	0.147590	0.151698	0.223871	0.190104	-0.111272	-0.100636	-0.119461	-0.114454	-0.117454	-0.108919	-0.104870	0.149584	0.188796	-0.265179	-0.099455	-0.107782	-0.175991	0.244468	0.225139	-0.131655	-0.128181	0.238879	0.235121	-0.134270	-0.167963	0.215066	0.228446	0.220119	-0.164272	-0.157327	-0.128098	0.225520	0.704627	-0.179836	0.240290	0.234916	0.232762	0.216308	0.205672	-0.146116	-0.143805	0.237983	
-0.212504	-0.253185	-0.255156	-0.253635	-0.244186	-0.230055	-0.229751	-0.230437	0.015117	0.017023	0.020454	0.011183	0.003432	0.010999	0.022063	0.412170	-0.230045	0.410997	0.393276	0.399104	0.276761	0.266504	0.244001	-0.252861	-0.256140	-0.254742	-0.253435	-0.233117	-0.258905	0.002194	-0.003736	0.011934	0.012101	0.005645	0.002060	0.003195	-0.248685	-0.258560	0.234287	-0.002344	0.005841	0.362433	-0.210507	-0.211168	0.335377	0.339437	-0.198354	-0.175014	0.335353	0.378153	-0.173687	-0.217465	-0.202455	0.331150	0.359190	0.323079	-0.188725	-0.179836	1.076735	-0.188484	-0.212541	-0.192420	-0.194174	-0.143486	0.345637	0.327418	-0.192687	
0.213763	0.165655	0.152897	0.150851	0.148947	0.226375	0.226272	0.226933	-0.130491	-0.123484	-0.127675	-0.123200	-0.116133	-0.121584	-0.126529	-0.196596	0.226887	-0.200908	-0.221208	-0.213356	-0.266846	-0.270963	-0.273938	0.150973	0.154785	0.153670	0.153200	0.232520	0.198776	-0.111720	-0.104853	-0.119295	-0.115987	-0.115963	-0.103985	-0.105521	0.154220	0.193011	-0.269835	-0.100869	-0.105541	-0.179989	0.249919	0.234595	-0.143243	-0.142352	0.237563	0.225664	-0.149278	-0.170710	0.256229	0.239288	0.238216	-0.155278	-0.161013	-0.148994	0.233639	0.240290	-0.188484	0.736558	0.244871	0.223351	0.249310	0.191353	-0.165936	-0.143217	0.244156	
0.221693	0.177850	0.168095	0.162528	0.161694	0.239000	0.236181	0.239782	-0.136590	-0.134870	-0.139891	-0.131734	-0.126241	-0.132261	-0.133563	-0.213000	0.241523	-0.216450	-0.235266	-0.230667	-0.283596	-0.287185	-0.291966	0.160322	0.170334	0.162730	0.173124	0.244422	0.213200	-0.123956	-0.118380	-0.133241	-0.126699	-0.125328	-0.111091	-0.115276	0.163056	0.209427	-0.287595	-0.112384	-0.118145	-0.200274	0.268608	0.255505	-0.180134	-0.178452	0.245494	0.228308	-0.173637	-0.188165	0.235838	0.253933	0.263687	-0.185616	-0.191604	-0.183283	0.251839	0.234916	-0.212541	0.244871	0.792914	0.223699	0.261358	0.213733	-0.184395	-0.169606	0.273429	
0.225159	0.173178	0.160531	0.160544	0.160292	0.226739	0.224431	0.227309	-0.134572	-0.129794	-0.138480	-0.130258	-0.126047	-0.125894	-0.130975	-0.208698	0.225163	-0.215584	-0.230100	-0.227259	-0.279325	-0.279371	-0.282015	0.157023	0.167487	0.157194	0.164576	0.238498	0.208091	-0.118694	-0.112056	-0.125033	-0.117587	-0.123040	-0.112075	-0.118526	0.160359	0.202722	-0.279614	-0.106452	-0.112972	-0.190663	0.259297	0.238263	-0.162898	-0.196144	0.218280	0.204261	-0.174423	-0.187940	0.224111	0.231855	0.242040	-0.179376	-0.183842	-0.157476	0.229768	0.232762	-0.192420	0.223351	0.223699	0.772613	0.227603	0.186387	-0.187611	-0.154646	0.237894	
