0.844283	0.211238	0.212151	0.208735	0.121192	0.122841	0.122664	0.129688	-0.109179	-0.111535	-0.114699	-0.108314	-0.106766	-0.107884	-0.113818	-0.225654	0.129789	-0.230061	-0.246279	-0.241713	-0.288534	-0.290229	-0.294653	0.269607	0.211787	0.238717	0.222453	0.138865	0.215276	-0.104239	-0.100244	-0.111418	-0.107164	-0.109068	-0.097380	-0.093976	0.212818	0.220599	-0.292020	-0.085932	-0.103923	-0.229969	0.158523	0.160280	-0.211227	-0.229470	0.157637	0.155877	-0.209516	-0.223127	0.161522	0.169613	0.147435	-0.242662	-0.219297	-0.215733	0.161660	0.149472	-0.237089	0.151462	0.166534	0.143771	0.148025	0.214212	-0.220460	-0.209753	0.159155	
0.211238	0.906014	0.227300	0.224545	0.166409	0.166333	0.166357	0.164711	-0.119446	-0.118998	-0.122200	-0.114304	-0.107902	-0.112052	-0.117244	-0.230976	0.167933	-0.235953	-0.254428	-0.248657	-0.298141	-0.301201	-0.304743	0.223112	0.228370	0.221119	0.226138	0.172469	0.234151	-0.105147	-0.104536	-0.117695	-0.115970	-0.113057	-0.098493	-0.099012	0.227484	0.241547	-0.302619	-0.094975	-0.106658	-0.244632	0.184848	0.176699	-0.237013	-0.245593	0.164903	0.166633	-0.226617	-0.239148	0.166639	0.171713	0.184524	-0.244096	-0.240346	-0.232307	0.170908	0.154940	-0.252391	0.164310	0.177260	0.170907	0.170065	0.223903	-0.246675	-0.236287	0.175918	
0.212151	0.227300	0.910773	0.261622	0.134490	0.135724	0.136645	0.140359	-0.114719	-0.115002	-0.120019	-0.113278	-0.104230	-0.107061	-0.113326	-0.229721	0.144201	-0.234575	-0.251822	-0.245898	-0.291920	-0.293631	-0.297796	0.233853	0.230094	0.225379	0.229802	0.151439	0.235462	-0.102849	-0.100447	-0.113042	-0.110231	-0.104256	-0.098417	-0.098998	0.232371	0.242207	-0.295459	-0.090213	-0.100359	-0.242168	0.173441	0.163405	-0.236256	-0.244041	0.160092	0.150821	-0.224840	-0.237509	0.159363	0.160061	0.160684	-0.245074	-0.238814	-0.232848	0.161493	0.141281	-0.250357	0.149588	0.161852	0.160092	0.156138	0.219695	-0.239688	-0.234683	0.165081	
0.208735	0.224545	0.261622	0.900745	0.131130	0.130698	0.132538	0.135964	-0.110155	-0.113049	-0.113133	-0.107248	-0.105788	-0.104118	-0.110696	-0.226438	0.138557	-0.230735	-0.247310	-0.241809	-0.287679	-0.289561	-0.292814	0.219673	0.228107	0.218539	0.224291	0.146349	0.228180	-0.097536	-0.097413	-0.109073	-0.108856	-0.102848	-0.093336	-0.092146	0.222888	0.235860	-0.291043	-0.084894	-0.098339	-0.239138	0.170762	0.160098	-0.227027	-0.237178	0.157962	0.151392	-0.221148	-0.231765	0.154869	0.151871	0.163091	-0.238248	-0.232878	-0.227272	0.155817	0.143840	-0.241830	0.148452	0.159634	0.159336	0.156964	0.213045	-0.238128	-0.240103	0.160142	
0.121192	0.166409	0.134490	0.131130	1.043348	0.487382	0.435615	0.393737	-0.160573	-0.159711	-0.165436	-0.158765	-0.152792	-0.156315	-0.160664	-0.212079	0.389762	-0.218239	-0.242607	-0.234030	-0.295507	-0.299132	-0.304037	0.137163	0.138544	0.134851	0.143074	0.360267	0.188798	-0.152690	-0.147775	-0.159165	-0.158755	-0.155480	-0.145482	-0.145252	0.128989	0.167982	-0.304193	-0.139310	-0.152005	-0.232254	0.241386	0.235224	-0.228864	-0.234042	0.220448	0.212278	-0.216874	-0.225876	0.219241	0.219507	0.230071	-0.235953	-0.232248	-0.227238	0.219629	0.201323	-0.237576	0.213771	0.227568	0.215346	0.221939	0.146796	-0.239112	-0.239645	0.225647	
0.122841	0.166333	0.135724	0.130698	0.487382	1.016206	0.428016	0.389390	-0.158888	-0.158229	-0.163502	-0.157976	-0.150886	-0.154845	-0.158607	-0.210408	0.385217	-0.215947	-0.240583	-0.231594	-0.293442	-0.297172	-0.302555	0.137692	0.139019	0.134682	0.143789	0.357389	0.188747	-0.150231	-0.146763	-0.156747	-0.156198	-0.153565	-0.143955	-0.144309	0.129460	0.169453	-0.302626	-0.137937	-0.151245	-0.230171	0.241256	0.233597	-0.229039	-0.235519	0.218711	0.208789	-0.215818	-0.224534	0.218849	0.221690	0.229914	-0.237293	-0.231636	-0.223364	0.221485	0.193506	-0.236482	0.211311	0.228982	0.208756	0.216886	0.141434	-0.236814	-0.239554	0.228574	
0.122664	0.166357	0.136645	0.132538	0.435615	0.428016	0.994196	0.391035	-0.157412	-0.157098	-0.161632	-0.155706	-0.149002	-0.152997	-0.157182	-0.208013	0.386669	-0.214126	-0.238620	-0.229466	-0.291235	-0.295297	-0.300083	0.139077	0.142416	0.137554	0.145266	0.361394	0.191524	-0.148952	-0.144903	-0.154928	-0.155373	-0.151100	-0.141855	-0.141833	0.131678	0.171202	-0.300270	-0.136297	-0.149018	-0.228154	0.241960	0.239776	-0.225522	-0.226643	0.219934	0.207978	-0.214022	-0.224028	0.221137	0.224873	0.239177	-0.231239	-0.228630	-0.225206	0.219794	0.204143	-0.235725	0.215739	0.225627	0.213357	0.215212	0.147403	-0.234669	-0.234428	0.226671	
0.129688	0.164711	0.140359	0.135964	0.393737	0.389390	0.391035	0.980308	-0.154838	-0.155310	-0.159688	-0.153868	-0.146585	-0.150884	-0.154921	-0.208198	0.395331	-0.213876	-0.238243	-0.229419	-0.291192	-0.295221	-0.300139	0.142425	0.145523	0.139658	0.149464	0.367341	0.194098	-0.146329	-0.142459	-0.152693	-0.152267	-0.149097	-0.139879	-0.140664	0.134700	0.175228	-0.300223	-0.134137	-0.146501	-0.228107	0.241636	0.237930	-0.227714	-0.231731	0.211480	0.212892	-0.213818	-0.221635	0.230796	0.230360	0.223488	-0.231213	-0.228113	-0.221801	0.224433	0.199903	-0.235369	0.215825	0.229034	0.217916	0.214216	0.150733	-0.232254	-0.236138	0.232170	
-0.109179	-0.119446	-0.114719	-0.110155	-0.160573	-0.158888	-0.157412	-0.154838	0.998662	0.065751	0.058356	0.059682	0.052169	0.052455	0.054362	0.000921	-0.154698	0.004617	0.028951	0.016432	0.082136	0.089553	0.100457	-0.115573	-0.113019	-0.119664	-0.123053	-0.151741	-0.129095	0.052319	0.051173	0.051442	0.051208	0.042313	0.038658	0.043822	-0.109696	-0.125130	0.102233	0.046598	0.045379	0.014034	-0.140457	-0.139217	0.021587	0.021507	-0.124816	-0.124452	0.010210	0.013857	-0.132474	-0.132716	-0.138944	0.024881	0.023249	0.013193	-0.133009	-0.126411	0.016124	-0.129549	-0.136150	-0.134116	-0.133759	-0.126414	0.027172	0.025674	-0.134054	
-0.111535	-0.118998	-0.115002	-0.113049	-0.159711	-0.158229	-0.157098	-0.155310	0.065751	0.998739	0.061647	0.061951	0.048373	0.056768	0.060120	-0.002087	-0.154584	0.001665	0.026841	0.014865	0.083357	0.088757	0.098636	-0.114649	-0.117722	-0.117582	-0.119304	-0.151998	-0.127629	0.056712	0.047630	0.050186	0.051334	0.054698	0.038640	0.036437	-0.111009	-0.125873	0.102660	0.036362	0.048549	0.011371	-0.137368	-0.135553	0.015182	0.016377	-0.129905	-0.120323	0.008608	0.014959	-0.127205	-0.131034	-0.137166	0.024222	0.024774	0.016139	-0.134573	-0.122016	0.018507	-0.123949	-0.133712	-0.129249	-0.129543	-0.120311	0.022791	0.021086	-0.131743	
-0.114699	-0.122200	-0.120019	-0.113133	-0.165436	-0.163502	-0.161632	-0.159688	0.058356	0.061647	0.997814	0.061251	0.055729	0.056191	0.052209	-0.003697	-0.158986	0.001014	0.027926	0.014989	0.088236	0.094615	0.111281	-0.117857	-0.120149	-0.120792	-0.127154	-0.157779	-0.133332	0.050788	0.054541	0.059811	0.051630	0.058580	0.048314	0.047972	-0.114890	-0.130122	0.113436	0.043334	0.054134	0.010265	-0.143033	-0.140066	0.022103	0.024209	-0.127896	-0.125287	0.011234	0.013867	-0.133848	-0.135634	-0.142658	0.023272	0.024442	0.016237	-0.137305	-0.123918	0.021809	-0.126725	-0.139916	-0.136364	-0.136135	-0.126273	0.024125	0.032130	-0.134434	
-0.108314	-0.114304	-0.113278	-0.107248	-0.158765	-0.157976	-0.155706	-0.153868	0.059682	0.061951	0.061251	0.989091	0.054878	0.053537	0.052265	-0.009900	-0.154025	-0.006248	0.021085	0.008141	0.078699	0.081786	0.093874	-0.114150	-0.111415	-0.116941	-0.119133	-0.151707	-0.125932	0.049072	0.049892	0.054518	0.054771	0.058477	0.049826	0.046413	-0.107835	-0.122846	0.100989	0.039616	0.053071	0.007706	-0.133482	-0.133905	0.019554	0.011953	-0.119404	-0.119232	0.005490	0.007984	-0.128050	-0.127574	-0.131029	0.014196	0.018178	0.015781	-0.131243	-0.117532	0.012697	-0.123289	-0.131339	-0.128724	-0.125523	-0.123742	0.015275	0.012013	-0.125666	
-0.106766	-0.107902	-0.104230	-0.105788	-0.152792	-0.150886	-0.149002	-0.146585	0.052169	0.048373	0.055729	0.054878	0.993961	0.049484	0.052561	-0.013307	-0.146734	-0.008406	0.014958	0.004392	0.066988	0.077255	0.088970	-0.105073	-0.108011	-0.106248	-0.111425	-0.144138	-0.118258	0.041998	0.043035	0.053770	0.054327	0.051250	0.047084	0.048116	-0.101557	-0.114724	0.091299	0.035746	0.041531	0.000558	-0.129504	-0.130800	0.010505	0.017220	-0.122617	-0.114639	-0.001427	0.001647	-0.119287	-0.124301	-0.129258	0.008195	0.012232	0.010245	-0.119530	-0.117195	0.003420	-0.114916	-0.126912	-0.126283	-0.116280	-0.114680	0.009180	0.003654	-0.123641	
-0.107884	-0.112052	-0.107061	-0.104118	-0.156315	-0.154845	-0.152997	-0.150884	0.052455	0.056768	0.056191	0.053537	0.049484	1.000696	0.052207	-0.009073	-0.149376	-0.004979	0.019018	0.007764	0.077094	0.085561	0.095565	-0.109787	-0.110440	-0.110916	-0.114565	-0.147585	-0.121748	0.051897	0.040871	0.053250	0.046878	0.045718	0.040147	0.040545	-0.100328	-0.118446	0.101176	0.035231	0.046332	0.004768	-0.133305	-0.136698	0.013716	0.009853	-0.120952	-0.118287	0.001918	0.006342	-0.125743	-0.128663	-0.132729	0.012543	0.017724	0.011030	-0.126854	-0.125848	0.010951	-0.120086	-0.131716	-0.124511	-0.127024	-0.118590	0.014963	0.016503	-0.127941	
-0.113818	-0.117244	-0.113326	-0.110696	-0.160664	-0.158607	-0.157182	-0.154921	0.054362	0.060120	0.052209	0.052265	0.052561	0.052207	1.002264	-0.005665	-0.154645	-0.000425	0.026605	0.012251	0.084711	0.084256	0.099852	-0.111793	-0.117564	-0.115587	-0.118454	-0.152550	-0.127222	0.051707	0.053748	0.051064	0.060133	0.057272	0.041444	0.042004	-0.111069	-0.121917	0.101545	0.041008	0.047447	0.010834	-0.136815	-0.134932	0.021761	0.011142	-0.129847	-0.121107	0.012828	0.012059	-0.131698	-0.129402	-0.134009	0.017101	0.021710	0.015824	-0.135248	-0.125687	0.021046	-0.125194	-0.132752	-0.130025	-0.126000	-0.118037	0.021584	0.027251	-0.132468	
-0.225654	-0.230976	-0.229721	-0.226438	-0.212079	-0.210408	-0.208013	-0.208198	0.000921	-0.002087	-0.003697	-0.009900	-0.013307	-0.009073	-0.005665	1.180851	-0.208789	0.603051	0.447226	0.509916	0.259702	0.247495	0.203343	-0.229393	-0.229431	-0.229557	-0.231057	-0.209871	-0.234226	-0.016330	-0.018422	-0.010307	-0.011801	-0.012289	-0.018225	-0.018231	-0.227565	-0.235019	0.194987	-0.019192	-0.016102	0.440567	-0.212969	-0.213084	0.381583	0.394421	-0.203225	-0.198291	0.384786	0.403566	-0.207137	-0.209376	-0.217199	0.383984	0.388506	0.384321	-0.207457	-0.197466	0.408045	-0.197013	-0.213209	-0.208546	-0.204957	-0.229009	0.385461	0.373372	-0.210256	
0.129789	0.167933	0.144201	0.138557	0.389762	0.385217	0.386669	0.395331	-0.154698	-0.154584	-0.158986	-0.154025	-0.146734	-0.149376	-0.154645	-0.208789	0.972615	-0.214347	-0.239105	-0.230334	-0.291527	-0.295330	-0.300189	0.145061	0.147743	0.142551	0.151099	0.367414	0.198958	-0.145912	-0.142242	-0.152765	-0.153173	-0.149291	-0.139103	-0.139589	0.138542	0.179047	-0.300531	-0.133473	-0.145433	-0.228692	0.245619	0.237005	-0.226283	-0.229836	0.228451	0.216682	-0.215918	-0.222623	0.232374	0.231376	0.235541	-0.234447	-0.229717	-0.223631	0.223044	0.203427	-0.234230	0.217964	0.230961	0.217119	0.220766	0.155600	-0.235360	-0.237859	0.231651	
-0.230061	-0.235953	-0.234575	-0.230735	-0.218239	-0.215947	-0.214126	-0.213876	0.004617	0.001665	0.001014	-0.006248	-0.008406	-0.004979	-0.000425	0.603051	-0.214347	1.167638	0.445215	0.507296	0.270258	0.251052	0.215885	-0.233183	-0.233657	-0.234167	-0.235465	-0.215669	-0.239288	-0.012516	-0.014134	-0.004842	-0.007189	-0.008693	-0.013679	-0.014538	-0.231298	-0.240385	0.201045	-0.014302	-0.010846	0.433789	-0.217307	-0.216352	0.382758	0.396996	-0.203363	-0.201608	0.384144	0.397614	-0.210960	-0.210229	-0.221944	0.381303	0.385322	0.376194	-0.211255	-0.199528	0.408011	-0.201558	-0.216741	-0.216008	-0.205281	-0.235300	0.375756	0.373443	-0.213285	
-0.246279	-0.254428	-0.251822	-0.247310	-0.242607	-0.240583	-0.238620	-0.238243	0.028951	0.026841	0.027926	0.021085	0.014958	0.019018	0.026605	0.447226	-0.239105	0.445215	1.123007	0.444198	0.317475	0.303505	0.273913	-0.251049	-0.251129	-0.251346	-0.253612	-0.240276	-0.261719	0.012922	0.009676	0.019247	0.021398	0.015287	0.010399	0.009331	-0.247296	-0.261331	0.267217	0.009257	0.014805	0.386157	-0.240729	-0.238263	0.359132	0.360178	-0.225769	-0.221548	0.348702	0.362861	-0.229818	-0.232048	-0.243608	0.361702	0.360101	0.350573	-0.232228	-0.219303	0.388071	-0.221238	-0.234645	-0.229792	-0.228431	-0.250058	0.360050	0.347367	-0.232355	
-0.241713	-0.248657	-0.245898	-0.241809	-0.234030	-0.231594	-0.229466	-0.229419	0.016432	0.014865	0.014989	0.008141	0.004392	0.007764	0.012251	0.509916	-0.230334	0.507296	0.444198	1.176106	0.296708	0.281084	0.247543	-0.245305	-0.245586	-0.245754	-0.247959	-0.231148	-0.253449	0.000061	-0.002715	0.006078	0.005597	0.003008	-0.003399	-0.003249	-0.243482	-0.253724	0.236452	-0.004784	-0.000339	0.421087	-0.232160	-0.231905	0.369927	0.384314	-0.218519	-0.215601	0.376952	0.388711	-0.221982	-0.226328	-0.235106	0.378995	0.379387	0.362536	-0.225901	-0.215555	0.398053	-0.213498	-0.230741	-0.225669	-0.221736	-0.243968	0.370954	0.363700	-0.225121	
-0.288534	-0.298141	-0.291920	-0.287679	-0.295507	-0.293442	-0.291235	-0.291192	0.082136	0.083357	0.088236	0.078699	0.066988	0.077094	0.084711	0.259702	-0.291527	0.270258	0.317475	0.296708	1.185020	0.426375	0.419291	-0.292282	-0.293076	-0.293619	-0.297036	-0.292510	-0.311727	0.063898	0.064542	0.077949	0.077195	0.073736	0.062106	0.062936	-0.289119	-0.311784	0.411882	0.054905	0.066706	0.264740	-0.291569	-0.287046	0.251613	0.256170	-0.274604	-0.267211	0.239507	0.258526	-0.273748	-0.280857	-0.288629	0.269585	0.266259	0.262096	-0.279891	-0.263661	0.273899	-0.266434	-0.284020	-0.278888	-0.277460	-0.302274	0.263928	0.254839	-0.281412	
-0.290229	-0.301201	-0.293631	-0.289561	-0.299132	-0.297172	-0.295297	-0.295221	0.089553	0.088757	0.094615	0.081786	0.077255	0.085561	0.084256	0.247495	-0.295330	0.251052	0.303505	0.281084	0.426375	1.185586	0.433041	-0.294457	-0.295887	-0.296746	-0.299427	-0.296353	-0.315512	0.071124	0.068847	0.084168	0.083416	0.078050	0.066775	0.065724	-0.292341	-0.316275	0.431304	0.059574	0.071709	0.258150	-0.294381	-0.290182	0.245408	0.243369	-0.278024	-0.270814	0.226265	0.251392	-0.281477	-0.282569	-0.290971	0.249313	0.255551	0.244045	-0.281457	-0.267063	0.265917	-0.270153	-0.286591	-0.279135	-0.277185	-0.302156	0.256698	0.250752	-0.285700	
-0.294653	-0.304743	-0.297796	-0.292814	-0.304037	-0.302555	-0.300083	-0.300139	0.100457	0.098636	0.111281	0.093874	0.088970	0.095565	0.099852	0.203343	-0.300189	0.215885	0.273913	0.247543	0.419291	0.433041	1.192034	-0.297473	-0.298675	-0.299049	-0.303325	-0.301551	-0.320236	0.083983	0.078141	0.097667	0.096793	0.090689	0.080401	0.079196	-0.294340	-0.320927	0.456394	0.070411	0.085378	0.226130	-0.299356	-0.294035	0.222885	0.218517	-0.277752	-0.273325	0.207443	0.221416	-0.285284	-0.286883	-0.297046	0.232955	0.230003	0.221732	-0.284870	-0.267721	0.242183	-0.272780	-0.291214	-0.281528	-0.285324	-0.306413	0.233767	0.224895	-0.289516	
0.269607	0.223112	0.233853	0.219673	0.137163	0.137692	0.139077	0.142425	-0.115573	-0.114649	-0.117857	-0.114150	-0.105073	-0.109787	-0.111793	-0.229393	0.145061	-0.233183	-0.251049	-0.245305	-0.292282	-0.294457	-0.297473	0.904101	0.237317	0.270332	0.237808	0.153268	0.231266	-0.104227	-0.099424	-0.113168	-0.112068	-0.109403	-0.097193	-0.099218	0.227001	0.235021	-0.297433	-0.087981	-0.103931	-0.241552	0.174606	0.170437	-0.234013	-0.235919	0.158075	0.156175	-0.221828	-0.236601	0.154934	0.160415	0.163087	-0.241525	-0.237234	-0.233027	0.158645	0.146962	-0.247835	0.152253	0.162053	0.160400	0.163234	0.212448	-0.243501	-0.242237	0.166580	
0.211787	0.228370	0.230094	0.228107	0.138544	0.139019	0.142416	0.145523	-0.113019	-0.117722	-0.120149	-0.111415	-0.108011	-0.110440	-0.117564	-0.229431	0.147743	-0.233657	-0.251129	-0.245586	-0.293076	-0.295887	-0.298675	0.237317	0.899826	0.238365	0.250316	0.156376	0.233716	-0.102524	-0.100449	-0.112707	-0.106694	-0.107223	-0.098520	-0.096239	0.227673	0.240521	-0.297610	-0.090265	-0.104606	-0.241295	0.179569	0.173487	-0.236110	-0.240514	0.164981	0.159410	-0.223897	-0.238191	0.154547	0.168174	0.168579	-0.245471	-0.238833	-0.232847	0.166364	0.156955	-0.253372	0.153754	0.169357	0.165835	0.167657	0.217369	-0.243946	-0.241936	0.165925	
0.238717	0.221119	0.225379	0.218539	0.134851	0.134682	0.137554	0.139658	-0.119664	-0.117582	-0.120792	-0.116941	-0.106248	-0.110916	-0.115587	-0.229557	0.142551	-0.234167	-0.251346	-0.245754	-0.293619	-0.296746	-0.299049	0.270332	0.238365	0.907505	0.324024	0.150947	0.227508	-0.109157	-0.102129	-0.113644	-0.113310	-0.110315	-0.098154	-0.103370	0.220323	0.232150	-0.297413	-0.092070	-0.106070	-0.241606	0.172580	0.168237	-0.237458	-0.240237	0.158065	0.151886	-0.223655	-0.238437	0.154591	0.155004	0.162134	-0.245039	-0.238067	-0.233658	0.157014	0.147743	-0.250868	0.153741	0.164515	0.158648	0.159491	0.214374	-0.240348	-0.241204	0.165554	
0.222453	0.226138	0.229802	0.224291	0.143074	0.143789	0.145266	0.149464	-0.123053	-0.119304	-0.127154	-0.119133	-0.111425	-0.114565	-0.118454	-0.231057	0.151099	-0.235465	-0.253612	-0.247959	-0.297036	-0.299427	-0.303325	0.237808	0.250316	0.324024	0.908410	0.159538	0.235503	-0.106058	-0.105558	-0.116697	-0.117889	-0.111547	-0.100921	-0.103380	0.224269	0.239066	-0.301492	-0.095901	-0.110422	-0.244708	0.181238	0.173126	-0.237232	-0.241572	0.162013	0.162153	-0.227515	-0.240546	0.168515	0.167067	0.175635	-0.245411	-0.240578	-0.234524	0.163913	0.152557	-0.249945	0.152965	0.173601	0.163176	0.166562	0.217049	-0.246160	-0.243523	0.170462	
0.138865	0.172469	0.151439	0.146349	0.360267	0.357389	0.361394	0.367341	-0.151741	-0.151998	-0.157779	-0.151707	-0.144138	-0.147585	-0.152550	-0.209871	0.367414	-0.215669	-0.240276	-0.231148	-0.292510	-0.296353	-0.301551	0.153268	0.156376	0.150947	0.159538	0.966696	0.210493	-0.143415	-0.139356	-0.149582	-0.150621	-0.146546	-0.136515	-0.137045	0.146698	0.187673	-0.301554	-0.130151	-0.143962	-0.231110	0.250469	0.245186	-0.230200	-0.233434	0.225867	0.224539	-0.214489	-0.224110	0.235370	0.234370	0.231534	-0.233651	-0.229666	-0.219205	0.233431	0.215990	-0.236585	0.224061	0.235686	0.228775	0.219684	0.158813	-0.236256	-0.228894	0.235946	
0.215276	0.234151	0.235462	0.228180	0.188798	0.188747	0.191524	0.194098	-0.129095	-0.127629	-0.133332	-0.125932	-0.118258	-0.121748	-0.127222	-0.234226	0.198958	-0.239288	-0.261719	-0.253449	-0.311727	-0.315512	-0.320236	0.231266	0.233716	0.227508	0.235503	0.210493	0.853748	-0.117375	-0.112146	-0.125080	-0.124820	-0.121819	-0.108474	-0.108565	0.234449	0.291640	-0.318763	-0.101291	-0.118053	-0.250468	0.223647	0.216058	-0.244842	-0.248159	0.207670	0.195849	-0.231766	-0.244306	0.200962	0.212836	0.214963	-0.252588	-0.246938	-0.241801	0.208757	0.189584	-0.256691	0.195657	0.211970	0.205802	0.206850	0.233987	-0.252138	-0.249108	0.213638	
-0.104239	-0.105147	-0.102849	-0.097536	-0.152690	-0.150231	-0.148952	-0.146329	0.052319	0.056712	0.050788	0.049072	0.041998	0.051897	0.051707	-0.016330	-0.145912	-0.012516	0.012922	0.000061	0.063898	0.071124	0.083983	-0.104227	-0.102524	-0.109157	-0.106058	-0.143415	-0.117375	0.983939	0.040230	0.055604	0.064570	0.050310	0.037960	0.047662	-0.099080	-0.110508	0.088799	0.035955	0.050712	-0.001922	-0.126285	-0.122667	0.004936	0.009058	-0.110276	-0.110336	-0.002705	0.003066	-0.115805	-0.117653	-0.120765	0.004885	0.008316	0.001529	-0.118657	-0.107933	0.002974	-0.111835	-0.123499	-0.118183	-0.118093	-0.104655	0.009153	0.010320	-0.122918	
-0.100244	-0.104536	-0.100447	-0.097413	-0.147775	-0.146763	-0.144903	-0.142459	0.051173	0.047630	0.054541	0.049892	0.043035	0.040871	0.053748	-0.018422	-0.142242	-0.014134	0.009676	-0.002715	0.064542	0.068847	0.078141	-0.099424	-0.100449	-0.102129	-0.105558	-0.139356	-0.112146	0.040230	0.982634	0.054193	0.048022	0.049279	0.037539	0.040417	-0.093915	-0.107722	0.082047	0.042178	0.054118	-0.005226	-0.120763	-0.119962	-0.000947	0.007377	-0.113275	-0.107017	-0.008194	-0.002003	-0.111955	-0.110190	-0.112995	0.007594	0.004657	0.003482	-0.115498	-0.101230	-0.003069	-0.104911	-0.118647	-0.111592	-0.112781	-0.104568	0.005424	0.013180	-0.115902	
-0.111418	-0.117695	-0.113042	-0.109073	-0.159165	-0.156747	-0.154928	-0.152693	0.051442	0.050186	0.059811	0.054518	0.053770	0.053250	0.051064	-0.010307	-0.152765	-0.004842	0.019247	0.006078	0.077949	0.084168	0.097667	-0.113168	-0.112707	-0.113644	-0.116697	-0.149582	-0.125080	0.055604	0.054193	0.991027	0.051553	0.056402	0.050535	0.049636	-0.107807	-0.121886	0.102232	0.042395	0.050657	0.007397	-0.133879	-0.132399	0.011077	0.007713	-0.123921	-0.114560	0.004992	0.006270	-0.121850	-0.125176	-0.132762	0.018344	0.020210	0.005565	-0.127455	-0.118419	0.011730	-0.119030	-0.132933	-0.123505	-0.126276	-0.116678	0.022633	0.016934	-0.128669	
-0.107164	-0.115970	-0.110231	-0.108856	-0.158755	-0.156198	-0.155373	-0.152267	0.051208	0.051334	0.051630	0.054771	0.054327	0.046878	0.060133	-0.011801	-0.153173	-0.007189	0.021398	0.005597	0.077195	0.083416	0.096793	-0.112068	-0.106694	-0.113310	-0.117889	-0.150621	-0.124820	0.064570	0.048022	0.051553	0.987146	0.059295	0.050596	0.053902	-0.106169	-0.121207	0.097140	0.035735	0.048971	0.006820	-0.131346	-0.129544	0.015457	0.008625	-0.119908	-0.108627	0.002526	0.009418	-0.122265	-0.126465	-0.125241	0.021905	0.020070	0.009360	-0.123152	-0.113137	0.012497	-0.115320	-0.126267	-0.116822	-0.123474	-0.115482	0.021120	0.030984	-0.126421	
-0.109068	-0.113057	-0.104256	-0.102848	-0.155480	-0.153565	-0.151100	-0.149097	0.042313	0.054698	0.058580	0.058477	0.051250	0.045718	0.057272	-0.012289	-0.149291	-0.008693	0.015287	0.003008	0.073736	0.078050	0.090689	-0.109403	-0.107223	-0.110315	-0.111547	-0.146546	-0.121819	0.050310	0.049279	0.056402	0.059295	0.987836	0.048845	0.035819	-0.101121	-0.117938	0.096779	0.032666	0.051800	0.002926	-0.131965	-0.128699	0.008811	0.002364	-0.116331	-0.117940	0.002676	0.003462	-0.122617	-0.127529	-0.128229	0.011351	0.014787	0.004933	-0.124484	-0.115993	0.005261	-0.115072	-0.126146	-0.123005	-0.118328	-0.116268	0.015834	0.017320	-0.127472	
-0.097380	-0.098493	-0.098417	-0.093336	-0.145482	-0.143955	-0.141855	-0.139879	0.038658	0.038640	0.048314	0.049826	0.047084	0.040147	0.041444	-0.018225	-0.139103	-0.013679	0.010399	-0.003399	0.062106	0.066775	0.080401	-0.097193	-0.098520	-0.098154	-0.100921	-0.136515	-0.108474	0.037960	0.037539	0.050535	0.050596	0.048845	0.983790	0.042361	-0.091146	-0.104403	0.080220	0.032375	0.050275	-0.004706	-0.117420	-0.114645	0.005982	0.005937	-0.105936	-0.103623	-0.006701	-0.001961	-0.106585	-0.112093	-0.120321	0.006960	0.011257	0.004204	-0.112909	-0.108431	0.002740	-0.103267	-0.111166	-0.112284	-0.108194	-0.104495	0.008435	0.011705	-0.112916	
-0.093976	-0.099012	-0.098998	-0.092146	-0.145252	-0.144309	-0.141833	-0.140664	0.043822	0.036437	0.047972	0.046413	0.048116	0.040545	0.042004	-0.018231	-0.139589	-0.014538	0.009331	-0.003249	0.062936	0.065724	0.079196	-0.099218	-0.096239	-0.103370	-0.103380	-0.137045	-0.108565	0.047662	0.040417	0.049636	0.053902	0.035819	0.042361	0.982035	-0.090556	-0.103785	0.081621	0.040534	0.051243	-0.003601	-0.118942	-0.114747	0.001509	0.004112	-0.108054	-0.100842	-0.007552	-0.001485	-0.116147	-0.111121	-0.114606	0.004262	0.009796	0.000763	-0.111929	-0.104065	0.006040	-0.105116	-0.115185	-0.117657	-0.113720	-0.100742	0.005787	0.002614	-0.115208	
0.212818	0.227484	0.232371	0.222888	0.128989	0.129460	0.131678	0.134700	-0.109696	-0.111009	-0.114890	-0.107835	-0.101557	-0.100328	-0.111069	-0.227565	0.138542	-0.231298	-0.247296	-0.243482	-0.289119	-0.292341	-0.294340	0.227001	0.227673	0.220323	0.224269	0.146698	0.234449	-0.099080	-0.093915	-0.107807	-0.106169	-0.101121	-0.091146	-0.090556	0.886255	0.246458	-0.290053	-0.080132	-0.096553	-0.238112	0.175235	0.167548	-0.229620	-0.235119	0.160064	0.153029	-0.220151	-0.234079	0.152179	0.158463	0.168145	-0.237015	-0.232141	-0.226733	0.153983	0.149556	-0.245587	0.153719	0.162244	0.160390	0.164431	0.208576	-0.242162	-0.232287	0.165732	
0.220599	0.241547	0.242207	0.235860	0.167982	0.169453	0.171202	0.175228	-0.125130	-0.125873	-0.130122	-0.122846	-0.114724	-0.118446	-0.121917	-0.235019	0.179047	-0.240385	-0.261331	-0.253724	-0.311784	-0.316275	-0.320927	0.235021	0.240521	0.232150	0.239066	0.187673	0.291640	-0.110508	-0.107722	-0.121886	-0.121207	-0.117938	-0.104403	-0.103785	0.246458	0.858839	-0.317209	-0.096630	-0.110291	-0.248436	0.217158	0.211176	-0.244873	-0.250398	0.201126	0.190877	-0.229113	-0.244487	0.196764	0.203818	0.207862	-0.250289	-0.245240	-0.241059	0.202206	0.188780	-0.256180	0.191815	0.207495	0.201897	0.199892	0.236346	-0.250414	-0.248885	0.206677	
-0.292020	-0.302619	-0.295459	-0.291043	-0.304193	-0.302626	-0.300270	-0.300223	0.102233	0.102660	0.113436	0.100989	0.091299	0.101176	0.101545	0.194987	-0.300531	0.201045	0.267217	0.236452	0.411882	0.431304	0.456394	-0.297433	-0.297610	-0.297413	-0.301492	-0.301554	-0.318763	0.088799	0.082047	0.102232	0.097140	0.096779	0.080220	0.081621	-0.290053	-0.317209	1.166987	0.075758	0.090217	0.220501	-0.295824	-0.293629	0.215319	0.211254	-0.275071	-0.270728	0.197968	0.216331	-0.277729	-0.283358	-0.291612	0.228192	0.228081	0.212475	-0.283174	-0.264537	0.233906	-0.268849	-0.286822	-0.278539	-0.281572	-0.303104	0.230416	0.220479	-0.287574	
-0.085932	-0.094975	-0.090213	-0.084894	-0.139310	-0.137937	-0.136297	-0.134137	0.046598	0.036362	0.043334	0.039616	0.035746	0.035231	0.041008	-0.019192	-0.133473	-0.014302	0.009257	-0.004784	0.054905	0.059574	0.070411	-0.087981	-0.090265	-0.092070	-0.095901	-0.130151	-0.101291	0.035955	0.042178	0.042395	0.035735	0.032666	0.032375	0.040534	-0.080132	-0.096630	0.075758	0.978357	0.040973	-0.003329	-0.113151	-0.112567	0.000035	0.002698	-0.108094	-0.100452	-0.006106	-0.001462	-0.110622	-0.111189	-0.114072	0.002973	0.008132	-0.000403	-0.109123	-0.099744	-0.001662	-0.100447	-0.113097	-0.105500	-0.109459	-0.094229	0.007651	0.003785	-0.107971	
-0.103923	-0.106658	-0.100359	-0.098339	-0.152005	-0.151245	-0.149018	-0.146501	0.045379	0.048549	0.054134	0.053071	0.041531	0.046332	0.047447	-0.016102	-0.145433	-0.010846	0.014805	-0.000339	0.066706	0.071709	0.085378	-0.103931	-0.104606	-0.106070	-0.110422	-0.143962	-0.118053	0.050712	0.054118	0.050657	0.048971	0.051800	0.050275	0.051243	-0.096553	-0.110291	0.090217	0.040973	0.975183	0.000634	-0.123189	-0.121309	0.009368	0.012770	-0.110359	-0.110068	-0.002457	-0.001414	-0.113207	-0.114416	-0.116312	0.010653	0.010579	0.005014	-0.115513	-0.107929	0.005743	-0.104407	-0.117734	-0.112093	-0.112208	-0.108982	0.015894	0.012796	-0.118408	
-0.229969	-0.244632	-0.242168	-0.239138	-0.232254	-0.230171	-0.228154	-0.228107	0.014034	0.011371	0.010265	0.007706	0.000558	0.004768	0.010834	0.440567	-0.228692	0.433789	0.386157	0.421087	0.264740	0.258150	0.226130	-0.241552	-0.241295	-0.241606	-0.244708	-0.231110	-0.250468	-0.001922	-0.005226	0.007397	0.006820	0.002926	-0.004706	-0.003601	-0.238112	-0.248436	0.220501	-0.003329	0.000634	1.065317	-0.209671	-0.202342	0.385597	0.373514	-0.191612	-0.187665	0.366391	0.385730	-0.191735	-0.188314	-0.195471	0.360064	0.365897	0.347861	-0.196252	-0.174434	0.358924	-0.178765	-0.200420	-0.190485	-0.199945	-0.211206	0.365566	0.366411	-0.195195	
0.158523	0.184848	0.173441	0.170762	0.241386	0.241256	0.241960	0.241636	-0.140457	-0.137368	-0.143033	-0.133482	-0.129504	-0.133305	-0.136815	-0.212969	0.245619	-0.217307	-0.240729	-0.232160	-0.291569	-0.294381	-0.299356	0.174606	0.179569	0.172580	0.181238	0.250469	0.223647	-0.126285	-0.120763	-0.133879	-0.131346	-0.131965	-0.117420	-0.118942	0.175235	0.217158	-0.295824	-0.113151	-0.123189	-0.209671	0.827872	0.264215	-0.190306	-0.200745	0.239119	0.251046	-0.187251	-0.200215	0.242162	0.254208	0.260595	-0.207101	-0.202488	-0.187612	0.248695	0.238365	-0.213748	0.244593	0.265647	0.251021	0.258932	0.212538	-0.208050	-0.207562	0.266459	
0.160280	0.176699	0.163405	0.160098	0.235224	0.233597	0.239776	0.237930	-0.139217	-0.135553	-0.140066	-0.133905	-0.130800	-0.136698	-0.134932	-0.213084	0.237005	-0.216352	-0.238263	-0.231905	-0.287046	-0.290182	-0.294035	0.170437	0.173487	0.168237	0.173126	0.245186	0.216058	-0.122667	-0.119962	-0.132399	-0.129544	-0.128699	-0.114645	-0.114747	0.167548	0.211176	-0.293629	-0.112567	-0.121309	-0.202342	0.264215	0.811323	-0.188017	-0.182422	0.230056	0.217781	-0.185980	-0.192084	0.228319	0.238646	0.264833	-0.193750	-0.192786	-0.177880	0.244800	0.222083	-0.207949	0.231243	0.253903	0.231386	0.252477	0.207071	-0.189244	-0.183279	0.244808	
-0.211227	-0.237013	-0.236256	-0.227027	-0.228864	-0.229039	-0.225522	-0.227714	0.021587	0.015182	0.022103	0.019554	0.010505	0.013716	0.021761	0.381583	-0.226283	0.382758	0.359132	0.369927	0.251613	0.245408	0.222885	-0.234013	-0.236110	-0.237458	-0.237232	-0.230200	-0.244842	0.004936	-0.000947	0.011077	0.015457	0.008811	0.005982	0.001509	-0.229620	-0.244873	0.215319	0.000035	0.009368	0.385597	-0.190306	-0.188017	0.954818	0.354899	-0.163433	-0.153538	0.348304	0.362851	-0.181734	-0.143797	-0.165861	0.350865	0.336570	0.359792	-0.163201	-0.130964	0.324872	-0.144121	-0.179773	-0.164430	-0.147584	-0.177697	0.331776	0.373524	-0.180970	
-0.229470	-0.245593	-0.244041	-0.237178	-0.234042	-0.235519	-0.226643	-0.231731	0.021507	0.016377	0.024209	0.011953	0.017220	0.009853	0.011142	0.394421	-0.229836	0.396996	0.360178	0.384314	0.256170	0.243369	0.218517	-0.235919	-0.240514	-0.240237	-0.241572	-0.233434	-0.248159	0.009058	0.007377	0.007713	0.008625	0.002364	0.005937	0.004112	-0.235119	-0.250398	0.211254	0.002698	0.012770	0.373514	-0.200745	-0.182422	0.354899	0.998058	-0.173220	-0.181951	0.376077	0.360493	-0.181638	-0.173833	-0.176860	0.375578	0.349830	0.349409	-0.161473	-0.122624	0.347830	-0.140372	-0.178553	-0.192119	-0.190322	-0.161693	0.340531	0.365927	-0.166559	
0.157637	0.164903	0.160092	0.157962	0.220448	0.218711	0.219934	0.211480	-0.124816	-0.129905	-0.127896	-0.119404	-0.122617	-0.120952	-0.129847	-0.203225	0.228451	-0.203363	-0.225769	-0.218519	-0.274604	-0.278024	-0.277752	0.158075	0.164981	0.158065	0.162013	0.225867	0.207670	-0.110276	-0.113275	-0.123921	-0.119908	-0.116331	-0.105936	-0.108054	0.160064	0.201126	-0.275071	-0.108094	-0.110359	-0.191612	0.239119	0.230056	-0.163433	-0.173220	0.740137	0.197449	-0.165236	-0.172319	0.207955	0.224487	0.223337	-0.195494	-0.170644	-0.154339	0.224027	0.220674	-0.195255	0.230253	0.246952	0.230779	0.257126	0.170840	-0.163266	-0.153256	0.231709	
0.155877	0.166633	0.150821	0.151392	0.212278	0.208789	0.207978	0.212892	-0.124452	-0.120323	-0.125287	-0.119232	-0.114639	-0.118287	-0.121107	-0.198291	0.216682	-0.201608	-0.221548	-0.215601	-0.267211	-0.270814	-0.273325	0.156175	0.159410	0.151886	0.162153	0.224539	0.195849	-0.110336	-0.107017	-0.114560	-0.108627	-0.117940	-0.103623	-0.100842	0.153029	0.190877	-0.270728	-0.100452	-0.110068	-0.187665	0.251046	0.217781	-0.153538	-0.181951	0.197449	0.744252	-0.164878	-0.151277	0.252342	0.230036	0.195289	-0.188818	-0.155437	-0.022054	0.223169	0.236056	-0.173765	0.225544	0.227270	0.212227	0.231108	0.178775	-0.192845	-0.161223	0.240843	
-0.209516	-0.226617	-0.224840	-0.221148	-0.216874	-0.215818	-0.214022	-0.213818	0.010210	0.008608	0.011234	0.005490	-0.001427	0.001918	0.012828	0.384786	-0.215918	0.384144	0.348702	0.376952	0.239507	0.226265	0.207443	-0.221828	-0.223897	-0.223655	-0.227515	-0.214489	-0.231766	-0.002705	-0.008194	0.004992	0.002526	0.002676	-0.006701	-0.007552	-0.220151	-0.229113	0.197968	-0.006106	-0.002457	0.366391	-0.187251	-0.185980	0.348304	0.376077	-0.165236	-0.164878	1.033401	0.360193	-0.183976	-0.180033	-0.186518	0.337963	0.343640	0.325690	-0.168630	-0.134497	0.330289	-0.148731	-0.172767	-0.174329	-0.161917	-0.179748	0.343839	0.316047	-0.172919	
-0.223127	-0.239148	-0.237509	-0.231765	-0.225876	-0.224534	-0.224028	-0.221635	0.013857	0.014959	0.013867	0.007984	0.001647	0.006342	0.012059	0.403566	-0.222623	0.397614	0.362861	0.388711	0.258526	0.251392	0.221416	-0.236601	-0.238191	-0.238437	-0.240546	-0.224110	-0.244306	0.003066	-0.002003	0.006270	0.009418	0.003462	-0.001961	-0.001485	-0.234079	-0.244487	0.216331	-0.001462	-0.001414	0.385730	-0.200215	-0.192084	0.362851	0.360493	-0.172319	-0.151277	0.360193	1.045912	-0.176434	-0.185930	-0.187447	0.361919	0.346417	0.341616	-0.188598	-0.164482	0.377987	-0.172237	-0.188236	-0.186404	-0.173656	-0.191566	0.349179	0.362964	-0.185466	
0.161522	0.166639	0.159363	0.154869	0.219241	0.218849	0.221137	0.230796	-0.132474	-0.127205	-0.133848	-0.128050	-0.119287	-0.125743	-0.131698	-0.207137	0.232374	-0.210960	-0.229818	-0.221982	-0.273748	-0.281477	-0.285284	0.154934	0.154547	0.154591	0.168515	0.235370	0.200962	-0.115805	-0.111955	-0.121850	-0.122265	-0.122617	-0.106585	-0.116147	0.152179	0.196764	-0.277729	-0.110622	-0.113207	-0.191735	0.242162	0.228319	-0.181734	-0.181638	0.207955	0.252342	-0.183976	-0.176434	0.760509	0.238235	0.226735	-0.191325	-0.183778	-0.147667	0.239053	0.209710	-0.173019	0.241150	0.228912	0.225508	0.177272	0.178700	-0.184639	-0.193425	0.243733	
0.169613	0.171713	0.160061	0.151871	0.219507	0.221690	0.224873	0.230360	-0.132716	-0.131034	-0.135634	-0.127574	-0.124301	-0.128663	-0.129402	-0.209376	0.231376	-0.210229	-0.232048	-0.226328	-0.280857	-0.282569	-0.286883	0.160415	0.168174	0.155004	0.167067	0.234370	0.212836	-0.117653	-0.110190	-0.125176	-0.126465	-0.127529	-0.112093	-0.111121	0.158463	0.203818	-0.283358	-0.111189	-0.114416	-0.188314	0.254208	0.238646	-0.143797	-0.173833	0.224487	0.230036	-0.180033	-0.185930	0.238235	0.767111	0.282676	-0.176291	-0.174727	-0.180454	0.253381	0.227904	-0.213703	0.237365	0.251885	0.226583	0.246702	0.206318	-0.178598	-0.177088	0.232238	
0.147435	0.184524	0.160684	0.163091	0.230071	0.229914	0.239177	0.223488	-0.138944	-0.137166	-0.142658	-0.131029	-0.129258	-0.132729	-0.134009	-0.217199	0.235541	-0.221944	-0.243608	-0.235106	-0.288629	-0.290971	-0.297046	0.163087	0.168579	0.162134	0.175635	0.231534	0.214963	-0.120765	-0.112995	-0.132762	-0.125241	-0.128229	-0.120321	-0.114606	0.168145	0.207862	-0.291612	-0.114072	-0.116312	-0.195471	0.260595	0.264833	-0.165861	-0.176860	0.223337	0.195289	-0.186518	-0.187447	0.226735	0.282676	0.795324	-0.181100	-0.190373	-0.182802	0.254790	0.201173	-0.202243	0.235326	0.260096	0.228824	0.215213	0.200523	-0.193471	-0.174219	0.251127	
-0.242662	-0.244096	-0.245074	-0.238248	-0.235953	-0.237293	-0.231239	-0.231213	0.024881	0.024222	0.023272	0.014196	0.008195	0.012543	0.017101	0.383984	-0.234447	0.381303	0.361702	0.378995	0.269585	0.249313	0.232955	-0.241525	-0.245471	-0.245039	-0.245411	-0.233651	-0.252588	0.004885	0.007594	0.018344	0.021905	0.011351	0.006960	0.004262	-0.237015	-0.250289	0.228192	0.002973	0.010653	0.360064	-0.207101	-0.193750	0.350865	0.375578	-0.195494	-0.188818	0.337963	0.361919	-0.191325	-0.176291	-0.181100	1.003583	0.349994	0.331150	-0.180738	-0.161719	0.331162	-0.158740	-0.186934	-0.177606	-0.169854	-0.174651	0.365662	0.368518	-0.191116	
-0.219297	-0.240346	-0.238814	-0.232878	-0.232248	-0.231636	-0.228630	-0.228113	0.023249	0.024774	0.024442	0.018178	0.012232	0.017724	0.021710	0.388506	-0.229717	0.385322	0.360101	0.379387	0.266259	0.255551	0.230003	-0.237234	-0.238833	-0.238067	-0.240578	-0.229666	-0.246938	0.008316	0.004657	0.020210	0.020070	0.014787	0.011257	0.009796	-0.232141	-0.245240	0.228081	0.008132	0.010579	0.365897	-0.202488	-0.192786	0.336570	0.349830	-0.170644	-0.155437	0.343640	0.346417	-0.183778	-0.174727	-0.190373	0.349994	0.981446	0.352434	-0.187935	-0.156313	0.353299	-0.160810	-0.191697	-0.183523	-0.170742	-0.198647	0.350295	0.336700	-0.190474	
-0.215733	-0.232307	-0.232848	-0.227272	-0.227238	-0.223364	-0.225206	-0.221801	0.013193	0.016139	0.016237	0.015781	0.010245	0.011030	0.015824	0.384321	-0.223631	0.376194	0.350573	0.362536	0.262096	0.244045	0.221732	-0.233027	-0.232847	-0.233658	-0.234524	-0.219205	-0.241801	0.001529	0.003482	0.005565	0.009360	0.004933	0.004204	0.000763	-0.226733	-0.241059	0.212475	-0.000403	0.005014	0.347861	-0.187612	-0.177880	0.359792	0.349409	-0.154339	-0.022054	0.325690	0.341616	-0.147667	-0.180454	-0.182802	0.331150	0.352434	0.996935	-0.187421	-0.126040	0.314861	-0.148902	-0.183306	-0.151078	-0.148123	-0.196227	0.346234	0.385329	-0.155775	
0.161660	0.170908	0.161493	0.155817	0.219629	0.221485	0.219794	0.224433	-0.133009	-0.134573	-0.137305	-0.131243	-0.119530	-0.126854	-0.135248	-0.207457	0.223044	-0.211255	-0.232228	-0.225901	-0.279891	-0.281457	-0.284870	0.158645	0.166364	0.157014	0.163913	0.233431	0.208757	-0.118657	-0.115498	-0.127455	-0.123152	-0.124484	-0.112909	-0.111929	0.153983	0.202206	-0.283174	-0.109123	-0.115513	-0.196252	0.248695	0.244800	-0.163201	-0.161473	0.224027	0.223169	-0.168630	-0.188598	0.239053	0.253381	0.254790	-0.180738	-0.187935	-0.187421	0.789485	0.227957	-0.188262	0.236592	0.246303	0.226244	0.236057	0.210360	-0.185671	-0.171333	0.243244	
0.149472	0.154940	0.141281	0.143840	0.201323	0.193506	0.204143	0.199903	-0.126411	-0.122016	-0.123918	-0.117532	-0.117195	-0.125848	-0.125687	-0.197466	0.203427	-0.199528	-0.219303	-0.215555	-0.263661	-0.267063	-0.267721	0.146962	0.156955	0.147743	0.152557	0.215990	0.189584	-0.107933	-0.101230	-0.118419	-0.113137	-0.115993	-0.108431	-0.104065	0.149556	0.188780	-0.264537	-0.099744	-0.107929	-0.174434	0.238365	0.222083	-0.130964	-0.122624	0.220674	0.236056	-0.134497	-0.164482	0.209710	0.227904	0.201173	-0.161719	-0.156313	-0.126040	0.227957	0.707700	-0.175628	0.238716	0.229401	0.233574	0.219392	0.207633	-0.147321	-0.144400	0.234564	
-0.237089	-0.252391	-0.250357	-0.241830	-0.237576	-0.236482	-0.235725	-0.235369	0.016124	0.018507	0.021809	0.012697	0.003420	0.010951	0.021046	0.408045	-0.234230	0.408011	0.388071	0.398053	0.273899	0.265917	0.242183	-0.247835	-0.253372	-0.250868	-0.249945	-0.236585	-0.256691	0.002974	-0.003069	0.011730	0.012497	0.005261	0.002740	0.006040	-0.245587	-0.256180	0.233906	-0.001662	0.005743	0.358924	-0.213748	-0.207949	0.324872	0.347830	-0.195255	-0.173765	0.330289	0.377987	-0.173019	-0.213703	-0.202243	0.331162	0.353299	0.314861	-0.188262	-0.175628	1.068673	-0.191971	-0.206788	-0.194094	-0.195968	-0.138186	0.342573	0.310829	-0.192075	
0.151462	0.164310	0.149588	0.148452	0.213771	0.211311	0.215739	0.215825	-0.129549	-0.123949	-0.126725	-0.123289	-0.114916	-0.120086	-0.125194	-0.197013	0.217964	-0.201558	-0.221238	-0.213498	-0.266434	-0.270153	-0.272780	0.152253	0.153754	0.153741	0.152965	0.224061	0.195657	-0.111835	-0.104911	-0.119030	-0.115320	-0.115072	-0.103267	-0.105116	0.153719	0.191815	-0.268849	-0.100447	-0.104407	-0.178765	0.244593	0.231243	-0.144121	-0.140372	0.230253	0.225544	-0.148731	-0.172237	0.241150	0.237365	0.235326	-0.158740	-0.160810	-0.148902	0.236592	0.238716	-0.191971	0.736073	0.238330	0.223246	0.243556	0.187793	-0.162626	-0.155496	0.239674	
0.166534	0.177260	0.161852	0.159634	0.227568	0.228982	0.225627	0.229034	-0.136150	-0.133712	-0.139916	-0.131339	-0.126912	-0.131716	-0.132752	-0.213209	0.230961	-0.216741	-0.234645	-0.230741	-0.284020	-0.286591	-0.291214	0.162053	0.169357	0.164515	0.173601	0.235686	0.211970	-0.123499	-0.118647	-0.132933	-0.126267	-0.126146	-0.111166	-0.115185	0.162244	0.207495	-0.286822	-0.113097	-0.117734	-0.200420	0.265647	0.253903	-0.179773	-0.178553	0.246952	0.227270	-0.172767	-0.188236	0.228912	0.251885	0.260096	-0.186934	-0.191697	-0.183306	0.246303	0.229401	-0.206788	0.238330	0.795168	0.226580	0.250955	0.205864	-0.185675	-0.169837	0.264775	
0.143771	0.170907	0.160092	0.159336	0.215346	0.208756	0.213357	0.217916	-0.134116	-0.129249	-0.136364	-0.128724	-0.126283	-0.124511	-0.130025	-0.208546	0.217119	-0.216008	-0.229792	-0.225669	-0.278888	-0.279135	-0.281528	0.160400	0.165835	0.158648	0.163176	0.228775	0.205802	-0.118183	-0.111592	-0.123505	-0.116822	-0.123005	-0.112284	-0.117657	0.160390	0.201897	-0.278539	-0.105500	-0.112093	-0.190485	0.251021	0.231386	-0.164430	-0.192119	0.230779	0.212227	-0.174329	-0.186404	0.225508	0.226583	0.228824	-0.177606	-0.183523	-0.151078	0.226244	0.233574	-0.194094	0.223246	0.226580	0.775090	0.222902	0.184232	-0.187699	-0.157085	0.231958	
