0.832662	0.213091	0.210193	0.211942	0.129580	0.128366	0.127826	0.130729	-0.112656	-0.110628	-0.112465	-0.110193	-0.103213	-0.099085	-0.117792	-0.223560	0.134263	-0.235292	-0.246954	-0.241504	-0.288271	-0.294243	-0.304473	0.266869	0.211367	0.238200	0.220031	0.140733	0.214447	-0.101227	-0.101835	-0.112873	-0.108821	-0.107225	-0.097138	-0.092283	0.212232	0.220612	-0.288129	-0.090411	-0.103931	-0.239402	0.161444	0.154163	-0.267408	-0.207002	0.180867	0.141630	-0.180778	-0.206736	0.122126	0.137614	0.196266	-0.224093	-0.216509	-0.239237	0.165343	0.187572	-0.252479	0.148123	0.179406	0.151845	0.144792	0.146408	-0.226159	-0.201838	0.131449	
0.213091	0.906804	0.227632	0.225061	0.166616	0.166727	0.166510	0.165172	-0.118968	-0.118363	-0.121715	-0.113804	-0.107445	-0.112065	-0.116982	-0.230881	0.168442	-0.235809	-0.253956	-0.248482	-0.297800	-0.300847	-0.304439	0.223496	0.228897	0.221366	0.226728	0.172736	0.234749	-0.104682	-0.103926	-0.116983	-0.115401	-0.112918	-0.098167	-0.098615	0.227993	0.241758	-0.302253	-0.094603	-0.106529	-0.244848	0.185749	0.177970	-0.236878	-0.246277	0.165729	0.166737	-0.226222	-0.239502	0.169065	0.172257	0.184999	-0.244296	-0.240521	-0.232228	0.170506	0.154560	-0.252301	0.165221	0.177480	0.172158	0.171249	0.224532	-0.246999	-0.235525	0.176943	
0.210193	0.227632	0.911445	0.261963	0.134758	0.135908	0.136759	0.140785	-0.114426	-0.114534	-0.119177	-0.112765	-0.104010	-0.106760	-0.112746	-0.229325	0.144146	-0.234319	-0.251312	-0.245653	-0.291424	-0.293261	-0.297401	0.233949	0.230431	0.225956	0.230187	0.151627	0.235923	-0.102193	-0.100105	-0.112558	-0.109973	-0.103777	-0.097912	-0.098529	0.232842	0.242696	-0.295080	-0.089883	-0.099807	-0.242294	0.174773	0.164089	-0.237073	-0.245028	0.160805	0.150873	-0.224842	-0.237621	0.157853	0.160613	0.160523	-0.244663	-0.238735	-0.233089	0.162072	0.142106	-0.250131	0.150316	0.162109	0.161053	0.156733	0.220883	-0.239179	-0.233863	0.164895	
0.211942	0.225061	0.261963	0.901496	0.131202	0.130939	0.132485	0.136220	-0.109807	-0.112558	-0.112485	-0.106919	-0.105366	-0.103839	-0.110458	-0.226282	0.138765	-0.230450	-0.246979	-0.241577	-0.287176	-0.289036	-0.292544	0.220131	0.228451	0.219141	0.224726	0.146666	0.228159	-0.096974	-0.096533	-0.108765	-0.108339	-0.102376	-0.092852	-0.091680	0.223378	0.236166	-0.290570	-0.084584	-0.097942	-0.238596	0.171225	0.161811	-0.227006	-0.237142	0.160795	0.151258	-0.221164	-0.231862	0.157007	0.153038	0.163637	-0.238086	-0.233298	-0.227409	0.156427	0.145034	-0.241731	0.148669	0.160904	0.164099	0.155322	0.213784	-0.238162	-0.238130	0.160290	
0.129580	0.166616	0.134758	0.131202	1.044255	0.487210	0.435657	0.394175	-0.160329	-0.159596	-0.165076	-0.158315	-0.152528	-0.156247	-0.160349	-0.212182	0.389875	-0.218216	-0.242557	-0.233952	-0.295346	-0.298896	-0.303846	0.137513	0.139037	0.134814	0.143222	0.360370	0.188853	-0.152274	-0.147369	-0.158777	-0.158558	-0.155343	-0.145282	-0.144999	0.128989	0.168161	-0.304006	-0.139111	-0.151744	-0.232502	0.242183	0.235655	-0.230017	-0.234013	0.221042	0.211844	-0.217873	-0.226260	0.218901	0.219882	0.231437	-0.236297	-0.232410	-0.228994	0.220185	0.201520	-0.237917	0.213308	0.228293	0.214587	0.223352	0.148409	-0.239064	-0.239930	0.226613	
0.128366	0.166727	0.135908	0.130939	0.487210	1.016661	0.427505	0.389276	-0.158580	-0.158017	-0.163026	-0.157297	-0.150419	-0.154640	-0.158136	-0.210409	0.384838	-0.215946	-0.240402	-0.231456	-0.293205	-0.297028	-0.302222	0.137965	0.139040	0.134850	0.143891	0.357373	0.189025	-0.149828	-0.146234	-0.156301	-0.156073	-0.153437	-0.143588	-0.144160	0.129905	0.169646	-0.302297	-0.137729	-0.150988	-0.230201	0.241763	0.233868	-0.229133	-0.235608	0.217466	0.209054	-0.216478	-0.224481	0.219879	0.223000	0.231298	-0.238586	-0.231719	-0.224037	0.222059	0.193317	-0.235970	0.211026	0.228691	0.209758	0.217055	0.142536	-0.236163	-0.238217	0.228782	
0.127826	0.166510	0.136759	0.132485	0.435657	0.427505	0.995624	0.391302	-0.157175	-0.156777	-0.161040	-0.155510	-0.148633	-0.153011	-0.156812	-0.208112	0.386989	-0.214053	-0.238732	-0.229469	-0.291050	-0.295167	-0.299935	0.139320	0.142791	0.137547	0.145378	0.361462	0.191725	-0.148784	-0.144481	-0.154434	-0.155159	-0.150995	-0.141490	-0.141540	0.131816	0.171520	-0.300068	-0.136128	-0.148878	-0.227955	0.243011	0.239671	-0.224793	-0.228362	0.220627	0.209445	-0.214443	-0.224682	0.221058	0.227773	0.237413	-0.231495	-0.228807	-0.226183	0.219080	0.203085	-0.236641	0.215774	0.226173	0.214709	0.216614	0.147670	-0.234281	-0.234851	0.228500	
0.130729	0.165172	0.140785	0.136220	0.394175	0.389276	0.391302	0.981216	-0.154581	-0.155025	-0.159387	-0.153433	-0.146402	-0.150875	-0.154621	-0.208334	0.395872	-0.214065	-0.238276	-0.229390	-0.291031	-0.295091	-0.300065	0.142737	0.145932	0.139976	0.149618	0.367571	0.194375	-0.145899	-0.142188	-0.152409	-0.151998	-0.149112	-0.139519	-0.140471	0.134862	0.175528	-0.300069	-0.133917	-0.146245	-0.228197	0.242534	0.236955	-0.227316	-0.234350	0.212662	0.213383	-0.214058	-0.221991	0.227744	0.230167	0.224739	-0.231725	-0.228578	-0.222429	0.225110	0.199930	-0.235508	0.217105	0.228772	0.218655	0.215773	0.150850	-0.232957	-0.236458	0.233125	
-0.112656	-0.118968	-0.114426	-0.109807	-0.160329	-0.158580	-0.157175	-0.154581	0.998120	0.065528	0.058156	0.058919	0.051852	0.052066	0.053375	0.000203	-0.154611	0.004068	0.028087	0.015668	0.080980	0.088489	0.099291	-0.114939	-0.112547	-0.119394	-0.122415	-0.151258	-0.128749	0.051919	0.050467	0.050972	0.051146	0.042260	0.038444	0.043680	-0.109044	-0.124740	0.101318	0.046404	0.044883	0.013161	-0.140459	-0.138829	0.023066	0.021626	-0.125045	-0.124006	0.009210	0.012300	-0.131935	-0.133570	-0.139100	0.023748	0.022033	0.012100	-0.133443	-0.127186	0.014996	-0.129954	-0.136482	-0.134508	-0.132180	-0.125878	0.025528	0.026806	-0.134476	
-0.110628	-0.118363	-0.114534	-0.112558	-0.159596	-0.158017	-0.156777	-0.155025	0.065528	0.997882	0.061255	0.060976	0.047803	0.056358	0.059320	-0.002890	-0.154432	0.001029	0.026167	0.014222	0.082739	0.088160	0.098067	-0.114127	-0.117167	-0.117150	-0.118988	-0.151709	-0.127087	0.056192	0.046880	0.049612	0.051050	0.054180	0.038186	0.035978	-0.110757	-0.125674	0.102061	0.035921	0.048294	0.011036	-0.137208	-0.134791	0.017414	0.017754	-0.128883	-0.120602	0.007810	0.014425	-0.126247	-0.131367	-0.136633	0.022702	0.024034	0.016318	-0.135681	-0.122274	0.017640	-0.124108	-0.134284	-0.128790	-0.128794	-0.120623	0.022956	0.020429	-0.131891	
-0.112465	-0.121715	-0.119177	-0.112485	-0.165076	-0.163026	-0.161040	-0.159387	0.058156	0.061255	0.996258	0.060468	0.055173	0.055851	0.051885	-0.004256	-0.158661	0.000410	0.026803	0.014295	0.087305	0.093752	0.110165	-0.117312	-0.119675	-0.120128	-0.126705	-0.157310	-0.133089	0.050129	0.054233	0.059432	0.050905	0.058210	0.048065	0.047663	-0.114473	-0.129791	0.112412	0.042815	0.053195	0.009599	-0.142869	-0.140158	0.021659	0.023644	-0.128173	-0.124854	0.010832	0.013356	-0.134813	-0.134944	-0.142515	0.022519	0.023462	0.014902	-0.136269	-0.123875	0.020709	-0.127125	-0.139494	-0.136485	-0.136707	-0.125518	0.023198	0.031265	-0.135329	
-0.110193	-0.113804	-0.112765	-0.106919	-0.158315	-0.157297	-0.155510	-0.153433	0.058919	0.060976	0.060468	0.988835	0.054492	0.053368	0.051734	-0.010529	-0.153792	-0.007231	0.020262	0.007413	0.077602	0.080825	0.092990	-0.113604	-0.111124	-0.116367	-0.118559	-0.151129	-0.125362	0.048539	0.049368	0.054035	0.054130	0.057910	0.049405	0.046044	-0.107301	-0.122226	0.099941	0.039560	0.052575	0.006976	-0.133714	-0.133771	0.019680	0.011487	-0.118909	-0.119200	0.005254	0.008008	-0.127725	-0.126484	-0.131451	0.011916	0.017353	0.013499	-0.131075	-0.116527	0.011866	-0.121931	-0.131262	-0.129346	-0.127042	-0.123909	0.013976	0.013777	-0.125413	
-0.103213	-0.107445	-0.104010	-0.105366	-0.152528	-0.150419	-0.148633	-0.146402	0.051852	0.047803	0.055173	0.054492	0.992137	0.049126	0.052218	-0.013876	-0.146544	-0.009028	0.014472	0.003834	0.066240	0.076374	0.088038	-0.104343	-0.107761	-0.105573	-0.111236	-0.143807	-0.117902	0.041603	0.042502	0.053472	0.053963	0.050861	0.046525	0.047572	-0.101164	-0.114521	0.090429	0.035726	0.041099	0.000318	-0.129006	-0.130869	0.009404	0.016389	-0.121620	-0.113334	-0.002075	0.001541	-0.118753	-0.124297	-0.130577	0.007156	0.012359	0.009194	-0.119279	-0.116456	0.004136	-0.115026	-0.125549	-0.125915	-0.117194	-0.114565	0.009490	0.003921	-0.123090	
-0.099085	-0.112065	-0.106760	-0.103839	-0.156247	-0.154640	-0.153011	-0.150875	0.052066	0.056358	0.055851	0.053368	0.049126	1.000113	0.051872	-0.009817	-0.149422	-0.005648	0.018505	0.007083	0.076264	0.085068	0.095243	-0.109415	-0.110088	-0.110456	-0.114435	-0.147677	-0.121294	0.051571	0.040225	0.052841	0.046626	0.045321	0.039617	0.040254	-0.100378	-0.118124	0.100423	0.035303	0.046487	0.004629	-0.133518	-0.136352	0.012414	0.009915	-0.120824	-0.118148	0.000770	0.005180	-0.126496	-0.128321	-0.131799	0.014027	0.017143	0.012258	-0.128861	-0.126001	0.009584	-0.120377	-0.132911	-0.125388	-0.127782	-0.118121	0.016746	0.015942	-0.128322	
-0.117792	-0.116982	-0.112746	-0.110458	-0.160349	-0.158136	-0.156812	-0.154621	0.053375	0.059320	0.051885	0.051734	0.052218	0.051872	1.001237	-0.006065	-0.154363	-0.000888	0.025981	0.011823	0.083581	0.083678	0.098895	-0.111502	-0.116929	-0.115127	-0.117961	-0.152270	-0.126707	0.051454	0.053317	0.050140	0.059797	0.056843	0.041198	0.041330	-0.110796	-0.121481	0.100925	0.040102	0.047125	0.010102	-0.136703	-0.134710	0.021150	0.010837	-0.130854	-0.120915	0.012175	0.011770	-0.131868	-0.128817	-0.135205	0.015449	0.021135	0.013965	-0.135543	-0.126521	0.022164	-0.124907	-0.133270	-0.130006	-0.125971	-0.116524	0.021072	0.028064	-0.132755	
-0.223560	-0.230881	-0.229325	-0.226282	-0.212182	-0.210409	-0.208112	-0.208334	0.000203	-0.002890	-0.004256	-0.010529	-0.013876	-0.009817	-0.006065	1.181689	-0.208866	0.602839	0.445888	0.508685	0.258729	0.246056	0.202087	-0.229343	-0.229151	-0.229327	-0.231029	-0.209926	-0.234027	-0.017122	-0.019432	-0.011038	-0.012326	-0.012859	-0.018835	-0.019033	-0.227362	-0.234878	0.193777	-0.019813	-0.016859	0.439590	-0.213491	-0.213052	0.380885	0.393230	-0.202841	-0.198267	0.383443	0.402547	-0.208336	-0.209038	-0.217102	0.382790	0.387974	0.384115	-0.207525	-0.197324	0.408268	-0.196968	-0.212588	-0.209429	-0.204654	-0.228661	0.386377	0.373832	-0.210644	
0.134263	0.168442	0.144146	0.138765	0.389875	0.384838	0.386989	0.395872	-0.154611	-0.154432	-0.158661	-0.153792	-0.146544	-0.149422	-0.154363	-0.208866	0.973706	-0.214395	-0.238943	-0.230422	-0.291328	-0.295099	-0.300067	0.145559	0.147858	0.142702	0.151320	0.367796	0.199343	-0.145823	-0.142000	-0.152282	-0.152939	-0.149319	-0.138922	-0.139397	0.138816	0.179246	-0.300280	-0.133095	-0.145135	-0.228717	0.246511	0.237392	-0.225922	-0.230260	0.229464	0.217967	-0.215529	-0.222479	0.232463	0.233557	0.237186	-0.235265	-0.229786	-0.223000	0.224053	0.204151	-0.234563	0.218198	0.231772	0.214580	0.221152	0.155699	-0.234867	-0.238446	0.232366	
-0.235292	-0.235809	-0.234319	-0.230450	-0.218216	-0.215946	-0.214053	-0.214065	0.004068	0.001029	0.000410	-0.007231	-0.009028	-0.005648	-0.000888	0.602839	-0.214395	1.167885	0.444481	0.506180	0.268855	0.249615	0.214635	-0.232896	-0.233442	-0.233687	-0.235229	-0.215553	-0.238882	-0.013204	-0.014804	-0.005627	-0.008099	-0.009347	-0.014480	-0.015441	-0.231225	-0.240161	0.199595	-0.015180	-0.011623	0.432093	-0.217766	-0.216635	0.382281	0.395862	-0.203202	-0.201539	0.384075	0.396480	-0.211471	-0.209556	-0.220951	0.379111	0.384371	0.374144	-0.211649	-0.200096	0.406446	-0.201324	-0.216631	-0.216517	-0.205141	-0.234797	0.373840	0.371217	-0.213157	
-0.246954	-0.253956	-0.251312	-0.246979	-0.242557	-0.240402	-0.238732	-0.238276	0.028087	0.026167	0.026803	0.020262	0.014472	0.018505	0.025981	0.445888	-0.238943	0.444481	1.122450	0.442881	0.315901	0.302251	0.272150	-0.250772	-0.250922	-0.250882	-0.253351	-0.240092	-0.261254	0.012456	0.009162	0.018470	0.020745	0.014654	0.009689	0.008471	-0.247060	-0.260973	0.265372	0.008302	0.014139	0.385017	-0.240929	-0.237767	0.356475	0.360796	-0.224289	-0.220941	0.349555	0.361718	-0.231924	-0.231439	-0.243562	0.363653	0.358541	0.349523	-0.232273	-0.219989	0.385997	-0.221117	-0.234904	-0.230179	-0.228155	-0.251388	0.359525	0.341298	-0.232682	
-0.241504	-0.248482	-0.245653	-0.241577	-0.233952	-0.231456	-0.229469	-0.229390	0.015668	0.014222	0.014295	0.007413	0.003834	0.007083	0.011823	0.508685	-0.230422	0.506180	0.442881	1.175036	0.295681	0.279632	0.246071	-0.245049	-0.245306	-0.245365	-0.247630	-0.231117	-0.253199	-0.000562	-0.003445	0.005142	0.004969	0.002309	-0.004015	-0.003889	-0.243340	-0.253473	0.235105	-0.005241	-0.000974	0.421022	-0.232503	-0.231655	0.369584	0.383257	-0.219102	-0.216039	0.377342	0.388049	-0.221719	-0.226030	-0.235819	0.380014	0.378763	0.364008	-0.224843	-0.215769	0.396163	-0.213521	-0.230215	-0.226948	-0.222483	-0.244297	0.368760	0.362421	-0.225514	
-0.288271	-0.297800	-0.291424	-0.287176	-0.295346	-0.293205	-0.291050	-0.291031	0.080980	0.082739	0.087305	0.077602	0.066240	0.076264	0.083581	0.258729	-0.291328	0.268855	0.315901	0.295681	1.183854	0.424795	0.417344	-0.291817	-0.292565	-0.293057	-0.296660	-0.292336	-0.311347	0.062950	0.063763	0.077008	0.075984	0.072790	0.061126	0.062102	-0.288920	-0.311442	0.410333	0.054119	0.065661	0.263405	-0.291573	-0.286791	0.250554	0.254895	-0.274223	-0.266015	0.239754	0.257940	-0.274831	-0.280798	-0.288135	0.271266	0.265332	0.259786	-0.280657	-0.263166	0.273772	-0.265910	-0.284269	-0.279107	-0.278427	-0.301604	0.260716	0.255833	-0.281172	
-0.294243	-0.300847	-0.293261	-0.289036	-0.298896	-0.297028	-0.295167	-0.295091	0.088489	0.088160	0.093752	0.080825	0.076374	0.085068	0.083678	0.246056	-0.295099	0.249615	0.302251	0.279632	0.424795	1.183307	0.431193	-0.294076	-0.295469	-0.296092	-0.299156	-0.296158	-0.314936	0.070138	0.067725	0.083000	0.082559	0.077184	0.066036	0.064800	-0.292079	-0.315808	0.429751	0.058629	0.071323	0.256987	-0.294827	-0.290798	0.245683	0.244367	-0.277312	-0.269927	0.225945	0.251109	-0.281380	-0.283567	-0.290106	0.251103	0.254931	0.243070	-0.282009	-0.267248	0.265076	-0.270099	-0.287062	-0.279090	-0.276462	-0.302592	0.255475	0.250338	-0.285722	
-0.304473	-0.304439	-0.297401	-0.292544	-0.303846	-0.302222	-0.299935	-0.300065	0.099291	0.098067	0.110165	0.092990	0.088038	0.095243	0.098895	0.202087	-0.300067	0.214635	0.272150	0.246071	0.417344	0.431193	1.189719	-0.297129	-0.298242	-0.298677	-0.302961	-0.301333	-0.319775	0.083169	0.077415	0.096681	0.096055	0.089900	0.079714	0.078527	-0.293979	-0.320558	0.454666	0.070025	0.084739	0.225314	-0.299850	-0.294220	0.220178	0.218930	-0.277093	-0.273604	0.207855	0.220109	-0.284307	-0.286628	-0.297121	0.233634	0.229646	0.221471	-0.284965	-0.267787	0.241000	-0.272959	-0.290937	-0.280759	-0.285203	-0.307085	0.233248	0.224871	-0.290091	
0.266869	0.223496	0.233949	0.220131	0.137513	0.137965	0.139320	0.142737	-0.114939	-0.114127	-0.117312	-0.113604	-0.104343	-0.109415	-0.111502	-0.229343	0.145559	-0.232896	-0.250772	-0.245049	-0.291817	-0.294076	-0.297129	0.905095	0.237994	0.270909	0.238750	0.153730	0.231980	-0.103878	-0.098999	-0.112447	-0.111514	-0.108923	-0.096447	-0.098734	0.228037	0.235554	-0.296935	-0.087390	-0.103353	-0.241359	0.175895	0.171959	-0.234183	-0.235467	0.159219	0.156400	-0.222655	-0.236129	0.156187	0.161811	0.165922	-0.241816	-0.237004	-0.232165	0.158733	0.150270	-0.248044	0.152504	0.162300	0.160934	0.164526	0.214202	-0.244094	-0.240360	0.167733	
0.211367	0.228897	0.230431	0.228451	0.139037	0.139040	0.142791	0.145932	-0.112547	-0.117167	-0.119675	-0.111124	-0.107761	-0.110088	-0.116929	-0.229151	0.147858	-0.233442	-0.250922	-0.245306	-0.292565	-0.295469	-0.298242	0.237994	0.900513	0.239104	0.250704	0.156303	0.234096	-0.101995	-0.100012	-0.112221	-0.106417	-0.106911	-0.098385	-0.096115	0.228412	0.241184	-0.297165	-0.089760	-0.104553	-0.241142	0.180126	0.175372	-0.236638	-0.241511	0.165368	0.160253	-0.224048	-0.237757	0.156088	0.168898	0.169438	-0.246113	-0.238667	-0.233790	0.166063	0.156611	-0.253828	0.154402	0.170037	0.166772	0.167013	0.218726	-0.244029	-0.241990	0.167249	
0.238200	0.221366	0.225956	0.219141	0.134814	0.134850	0.137547	0.139976	-0.119394	-0.117150	-0.120128	-0.116367	-0.105573	-0.110456	-0.115127	-0.229327	0.142702	-0.233687	-0.250882	-0.245365	-0.293057	-0.296092	-0.298677	0.270909	0.239104	0.908335	0.324813	0.151110	0.227795	-0.108482	-0.101581	-0.113108	-0.112614	-0.109926	-0.097818	-0.102807	0.220834	0.232526	-0.296961	-0.091826	-0.105916	-0.241671	0.173371	0.168765	-0.236911	-0.240564	0.157367	0.152980	-0.223272	-0.238509	0.155880	0.156196	0.160541	-0.244223	-0.237929	-0.232840	0.157751	0.147562	-0.250959	0.154553	0.164939	0.159597	0.159958	0.215433	-0.239445	-0.241284	0.166313	
0.220031	0.226728	0.230187	0.224726	0.143222	0.143891	0.145378	0.149618	-0.122415	-0.118988	-0.126705	-0.118559	-0.111236	-0.114435	-0.117961	-0.231029	0.151320	-0.235229	-0.253351	-0.247630	-0.296660	-0.299156	-0.302961	0.238750	0.250704	0.324813	0.909131	0.159713	0.235546	-0.105619	-0.104843	-0.116224	-0.117446	-0.111096	-0.100255	-0.102692	0.224543	0.240031	-0.301129	-0.095423	-0.109820	-0.244649	0.181685	0.173847	-0.237314	-0.241979	0.162605	0.163022	-0.227739	-0.240575	0.169940	0.168013	0.176010	-0.244621	-0.240416	-0.234961	0.164619	0.152923	-0.250846	0.153307	0.172941	0.163688	0.166652	0.218300	-0.245900	-0.242507	0.172083	
0.140733	0.172736	0.151627	0.146666	0.360370	0.357373	0.361462	0.367571	-0.151258	-0.151709	-0.157310	-0.151129	-0.143807	-0.147677	-0.152270	-0.209926	0.367796	-0.215553	-0.240092	-0.231117	-0.292336	-0.296158	-0.301333	0.153730	0.156303	0.151110	0.159713	0.967420	0.210468	-0.143028	-0.139038	-0.149104	-0.150283	-0.146515	-0.136210	-0.136872	0.147015	0.187922	-0.301293	-0.129898	-0.143559	-0.231474	0.251432	0.244656	-0.229970	-0.233559	0.226322	0.223549	-0.214902	-0.224426	0.235322	0.232801	0.233712	-0.234259	-0.230013	-0.219563	0.234998	0.217123	-0.235705	0.224702	0.234910	0.230887	0.221617	0.158900	-0.236880	-0.229194	0.236736	
0.214447	0.234749	0.235923	0.228159	0.188853	0.189025	0.191725	0.194375	-0.128749	-0.127087	-0.133089	-0.125362	-0.117902	-0.121294	-0.126707	-0.234027	0.199343	-0.238882	-0.261254	-0.253199	-0.311347	-0.314936	-0.319775	0.231980	0.234096	0.227795	0.235546	0.210468	0.854512	-0.116813	-0.111711	-0.124443	-0.124469	-0.121566	-0.107938	-0.107924	0.234796	0.292097	-0.318198	-0.100849	-0.117588	-0.250494	0.224116	0.215965	-0.244926	-0.248308	0.206081	0.197205	-0.231418	-0.244130	0.202059	0.213907	0.215239	-0.253114	-0.247134	-0.241746	0.209479	0.188245	-0.256568	0.197192	0.211386	0.205432	0.207541	0.235042	-0.252172	-0.248821	0.214229	
-0.101227	-0.104682	-0.102193	-0.096974	-0.152274	-0.149828	-0.148784	-0.145899	0.051919	0.056192	0.050129	0.048539	0.041603	0.051571	0.051454	-0.017122	-0.145823	-0.013204	0.012456	-0.000562	0.062950	0.070138	0.083169	-0.103878	-0.101995	-0.108482	-0.105619	-0.143028	-0.116813	0.982385	0.039694	0.054935	0.064379	0.049590	0.037604	0.047320	-0.098644	-0.109862	0.087530	0.035695	0.050460	-0.002015	-0.126275	-0.122006	0.002538	0.008116	-0.109867	-0.109686	-0.002503	0.002175	-0.115696	-0.117219	-0.121921	0.003662	0.007329	0.002524	-0.118636	-0.108639	0.001839	-0.112013	-0.122564	-0.116991	-0.116982	-0.104550	0.008200	0.010449	-0.122921	
-0.101835	-0.103926	-0.100105	-0.096533	-0.147369	-0.146234	-0.144481	-0.142188	0.050467	0.046880	0.054233	0.049368	0.042502	0.040225	0.053317	-0.019432	-0.142000	-0.014804	0.009162	-0.003445	0.063763	0.067725	0.077415	-0.098999	-0.100012	-0.101581	-0.104843	-0.139038	-0.111711	0.039694	0.981668	0.053839	0.047666	0.048960	0.037177	0.040011	-0.093411	-0.107410	0.081257	0.041857	0.053555	-0.006486	-0.120754	-0.118604	-0.001074	0.006469	-0.113278	-0.106489	-0.008841	-0.002064	-0.111548	-0.111202	-0.113175	0.005513	0.004682	0.003100	-0.113634	-0.100427	-0.004363	-0.104685	-0.117574	-0.111899	-0.112992	-0.103507	0.004770	0.011748	-0.115715	
-0.112873	-0.116983	-0.112558	-0.108765	-0.158777	-0.156301	-0.154434	-0.152409	0.050972	0.049612	0.059432	0.054035	0.053472	0.052841	0.050140	-0.011038	-0.152282	-0.005627	0.018470	0.005142	0.077008	0.083000	0.096681	-0.112447	-0.112221	-0.113108	-0.116224	-0.149104	-0.124443	0.054935	0.053839	0.989694	0.051060	0.056319	0.050482	0.049291	-0.107257	-0.121266	0.100899	0.041758	0.049773	0.006888	-0.133775	-0.131988	0.010176	0.006235	-0.122277	-0.115485	0.003668	0.006504	-0.120367	-0.125609	-0.133180	0.019217	0.019817	0.006549	-0.127796	-0.117399	0.011293	-0.118352	-0.132329	-0.124261	-0.125666	-0.117593	0.021915	0.014863	-0.127841	
-0.108821	-0.115401	-0.109973	-0.108339	-0.158558	-0.156073	-0.155159	-0.151998	0.051146	0.051050	0.050905	0.054130	0.053963	0.046626	0.059797	-0.012326	-0.152939	-0.008099	0.020745	0.004969	0.075984	0.082559	0.096055	-0.111514	-0.106417	-0.112614	-0.117446	-0.150283	-0.124469	0.064379	0.047666	0.051060	0.985389	0.059001	0.050154	0.053834	-0.105848	-0.120822	0.096298	0.035497	0.048497	0.006711	-0.131040	-0.128755	0.015066	0.008738	-0.118736	-0.109554	0.002485	0.008377	-0.121755	-0.126352	-0.123463	0.020209	0.019136	0.009104	-0.122906	-0.112881	0.010730	-0.115070	-0.125656	-0.116833	-0.124168	-0.114383	0.020795	0.031150	-0.126267	
-0.107225	-0.112918	-0.103777	-0.102376	-0.155343	-0.153437	-0.150995	-0.149112	0.042260	0.054180	0.058210	0.057910	0.050861	0.045321	0.056843	-0.012859	-0.149319	-0.009347	0.014654	0.002309	0.072790	0.077184	0.089900	-0.108923	-0.106911	-0.109926	-0.111096	-0.146515	-0.121566	0.049590	0.048960	0.056319	0.059001	0.987380	0.048347	0.035767	-0.100613	-0.117558	0.096072	0.032386	0.051106	0.002670	-0.131532	-0.129036	0.007966	0.002052	-0.117043	-0.118383	0.002415	0.002594	-0.122957	-0.127424	-0.129634	0.010724	0.014373	0.004926	-0.124474	-0.114932	0.005741	-0.115125	-0.125650	-0.122091	-0.117639	-0.116329	0.015363	0.018285	-0.127720	
-0.097138	-0.098167	-0.097912	-0.092852	-0.145282	-0.143588	-0.141490	-0.139519	0.038444	0.038186	0.048065	0.049405	0.046525	0.039617	0.041198	-0.018835	-0.138922	-0.014480	0.009689	-0.004015	0.061126	0.066036	0.079714	-0.096447	-0.098385	-0.097818	-0.100255	-0.136210	-0.107938	0.037604	0.037177	0.050482	0.050154	0.048347	0.982357	0.041734	-0.090814	-0.103913	0.079457	0.032022	0.049799	-0.005486	-0.117432	-0.114775	0.005817	0.004705	-0.105148	-0.103073	-0.007905	-0.002034	-0.106645	-0.111001	-0.121000	0.007260	0.011054	0.004736	-0.112350	-0.107455	0.001812	-0.103778	-0.110830	-0.111709	-0.107386	-0.103608	0.007738	0.009864	-0.112324	
-0.092283	-0.098615	-0.098529	-0.091680	-0.144999	-0.144160	-0.141540	-0.140471	0.043680	0.035978	0.047663	0.046044	0.047572	0.040254	0.041330	-0.019033	-0.139397	-0.015441	0.008471	-0.003889	0.062102	0.064800	0.078527	-0.098734	-0.096115	-0.102807	-0.102692	-0.136872	-0.107924	0.047320	0.040011	0.049291	0.053834	0.035767	0.041734	0.981217	-0.090183	-0.103449	0.080838	0.040450	0.051041	-0.003875	-0.118971	-0.114789	0.001340	0.004593	-0.108980	-0.101162	-0.008101	-0.002654	-0.116298	-0.110338	-0.114244	0.003306	0.008527	0.001613	-0.111780	-0.104031	0.004389	-0.104971	-0.115161	-0.116406	-0.113231	-0.101359	0.005173	-0.000652	-0.115369	
0.212232	0.227993	0.232842	0.223378	0.128989	0.129905	0.131816	0.134862	-0.109044	-0.110757	-0.114473	-0.107301	-0.101164	-0.100378	-0.110796	-0.227362	0.138816	-0.231225	-0.247060	-0.243340	-0.288920	-0.292079	-0.293979	0.228037	0.228412	0.220834	0.224543	0.147015	0.234796	-0.098644	-0.093411	-0.107257	-0.105848	-0.100613	-0.090814	-0.090183	0.887402	0.247192	-0.289701	-0.079833	-0.096129	-0.238253	0.176210	0.168932	-0.229999	-0.235713	0.161373	0.153515	-0.219616	-0.234228	0.151984	0.158426	0.168628	-0.237915	-0.232298	-0.226642	0.154313	0.150539	-0.246013	0.154405	0.163393	0.159988	0.164780	0.209401	-0.242267	-0.230633	0.166524	
0.220612	0.241758	0.242696	0.236166	0.168161	0.169646	0.171520	0.175528	-0.124740	-0.125674	-0.129791	-0.122226	-0.114521	-0.118124	-0.121481	-0.234878	0.179246	-0.240161	-0.260973	-0.253473	-0.311442	-0.315808	-0.320558	0.235554	0.241184	0.232526	0.240031	0.187922	0.292097	-0.109862	-0.107410	-0.121266	-0.120822	-0.117558	-0.103913	-0.103449	0.247192	0.859741	-0.316770	-0.096217	-0.109856	-0.248260	0.217999	0.211537	-0.244723	-0.250279	0.201874	0.190764	-0.229373	-0.244425	0.197661	0.203451	0.208203	-0.250515	-0.245332	-0.241416	0.203080	0.189303	-0.256164	0.192427	0.208108	0.202621	0.199586	0.236300	-0.250250	-0.249779	0.207657	
-0.288129	-0.302253	-0.295080	-0.290570	-0.304006	-0.302297	-0.300068	-0.300069	0.101318	0.102061	0.112412	0.099941	0.090429	0.100423	0.100925	0.193777	-0.300280	0.199595	0.265372	0.235105	0.410333	0.429751	0.454666	-0.296935	-0.297165	-0.296961	-0.301129	-0.301293	-0.318198	0.087530	0.081257	0.100899	0.096298	0.096072	0.079457	0.080838	-0.289701	-0.316770	1.164622	0.075156	0.089223	0.219810	-0.296162	-0.293107	0.214637	0.211102	-0.274318	-0.270950	0.197013	0.215146	-0.278275	-0.283644	-0.292035	0.227519	0.227992	0.212057	-0.282841	-0.264294	0.233273	-0.268847	-0.286556	-0.279665	-0.282123	-0.303008	0.231997	0.218932	-0.287526	
-0.090411	-0.094603	-0.089883	-0.084584	-0.139111	-0.137729	-0.136128	-0.133917	0.046404	0.035921	0.042815	0.039560	0.035726	0.035303	0.040102	-0.019813	-0.133095	-0.015180	0.008302	-0.005241	0.054119	0.058629	0.070025	-0.087390	-0.089760	-0.091826	-0.095423	-0.129898	-0.100849	0.035695	0.041857	0.041758	0.035497	0.032386	0.032022	0.040450	-0.079833	-0.096217	0.075156	0.977205	0.040713	-0.004005	-0.113335	-0.112580	0.000600	0.000747	-0.109481	-0.099672	-0.006883	-0.002554	-0.110399	-0.110763	-0.112972	0.002118	0.007747	-0.000047	-0.108119	-0.098157	-0.002084	-0.100375	-0.111709	-0.105516	-0.109592	-0.093454	0.005928	0.004914	-0.107679	
-0.103931	-0.106529	-0.099807	-0.097942	-0.151744	-0.150988	-0.148878	-0.146245	0.044883	0.048294	0.053195	0.052575	0.041099	0.046487	0.047125	-0.016859	-0.145135	-0.011623	0.014139	-0.000974	0.065661	0.071323	0.084739	-0.103353	-0.104553	-0.105916	-0.109820	-0.143559	-0.117588	0.050460	0.053555	0.049773	0.048497	0.051106	0.049799	0.051041	-0.096129	-0.109856	0.089223	0.040713	0.974848	0.000487	-0.122956	-0.120603	0.009238	0.011823	-0.109795	-0.110271	-0.003370	-0.001516	-0.113551	-0.114406	-0.117660	0.008592	0.010076	0.004959	-0.114802	-0.107156	0.005701	-0.104250	-0.117511	-0.111000	-0.111710	-0.108712	0.016145	0.013522	-0.118680	
-0.239402	-0.244848	-0.242294	-0.238596	-0.232502	-0.230201	-0.227955	-0.228197	0.013161	0.011036	0.009599	0.006976	0.000318	0.004629	0.010102	0.439590	-0.228717	0.432093	0.385017	0.421022	0.263405	0.256987	0.225314	-0.241359	-0.241142	-0.241671	-0.244649	-0.231474	-0.250494	-0.002015	-0.006486	0.006888	0.006711	0.002670	-0.005486	-0.003875	-0.238253	-0.248260	0.219810	-0.004005	0.000487	1.063258	-0.209644	-0.202798	0.377025	0.375592	-0.189985	-0.185708	0.364743	0.386602	-0.192535	-0.186675	-0.197979	0.359371	0.368930	0.350471	-0.195754	-0.176044	0.361921	-0.178886	-0.201354	-0.191308	-0.198123	-0.212920	0.362539	0.367828	-0.195798	
0.161444	0.185749	0.174773	0.171225	0.242183	0.241763	0.243011	0.242534	-0.140459	-0.137208	-0.142869	-0.133714	-0.129006	-0.133518	-0.136703	-0.213491	0.246511	-0.217766	-0.240929	-0.232503	-0.291573	-0.294827	-0.299850	0.175895	0.180126	0.173371	0.181685	0.251432	0.224116	-0.126275	-0.120754	-0.133775	-0.131040	-0.131532	-0.117432	-0.118971	0.176210	0.217999	-0.296162	-0.113335	-0.122956	-0.209644	0.828455	0.264142	-0.190049	-0.203138	0.237297	0.251833	-0.187325	-0.199245	0.244018	0.255886	0.257352	-0.207384	-0.202884	-0.190031	0.249904	0.240570	-0.212948	0.245852	0.264702	0.253248	0.256402	0.210553	-0.208337	-0.207698	0.265329	
0.154163	0.177970	0.164089	0.161811	0.235655	0.233868	0.239671	0.236955	-0.138829	-0.134791	-0.140158	-0.133771	-0.130869	-0.136352	-0.134710	-0.213052	0.237392	-0.216635	-0.237767	-0.231655	-0.286791	-0.290798	-0.294220	0.171959	0.175372	0.168765	0.173847	0.244656	0.215965	-0.122006	-0.118604	-0.131988	-0.128755	-0.129036	-0.114775	-0.114789	0.168932	0.211537	-0.293107	-0.112580	-0.120603	-0.202798	0.264142	0.809915	-0.185021	-0.186832	0.230019	0.217272	-0.186650	-0.191823	0.227799	0.234477	0.261120	-0.192886	-0.191773	-0.178453	0.243568	0.223199	-0.209671	0.229820	0.254700	0.231908	0.246998	0.208156	-0.189395	-0.184820	0.240814	
-0.267408	-0.236878	-0.237073	-0.227006	-0.230017	-0.229133	-0.224793	-0.227316	0.023066	0.017414	0.021659	0.019680	0.009404	0.012414	0.021150	0.380885	-0.225922	0.382281	0.356475	0.369584	0.250554	0.245683	0.220178	-0.234183	-0.236638	-0.236911	-0.237314	-0.229970	-0.244926	0.002538	-0.001074	0.010176	0.015066	0.007966	0.005817	0.001340	-0.229999	-0.244723	0.214637	0.000600	0.009238	0.377025	-0.190049	-0.185021	0.953334	0.369242	-0.167651	-0.154124	0.351165	0.366792	-0.182767	-0.145431	-0.168113	0.352982	0.339635	0.354434	-0.165283	-0.133103	0.343059	-0.143698	-0.178887	-0.163729	-0.146819	-0.176238	0.317071	0.369555	-0.180013	
-0.207002	-0.246277	-0.245028	-0.237142	-0.234013	-0.235608	-0.228362	-0.234350	0.021626	0.017754	0.023644	0.011487	0.016389	0.009915	0.010837	0.393230	-0.230260	0.395862	0.360796	0.383257	0.254895	0.244367	0.218930	-0.235467	-0.241511	-0.240564	-0.241979	-0.233559	-0.248308	0.008116	0.006469	0.006235	0.008738	0.002052	0.004705	0.004593	-0.235713	-0.250279	0.211102	0.000747	0.011823	0.375592	-0.203138	-0.186832	0.369242	1.000137	-0.170063	-0.179927	0.373739	0.357789	-0.181042	-0.176386	-0.174292	0.372603	0.356902	0.341061	-0.165281	-0.128385	0.360296	-0.141618	-0.180646	-0.194716	-0.190925	-0.164148	0.336975	0.362028	-0.165478	
0.180867	0.165729	0.160805	0.160795	0.221042	0.217466	0.220627	0.212662	-0.125045	-0.128883	-0.128173	-0.118909	-0.121620	-0.120824	-0.130854	-0.202841	0.229464	-0.203202	-0.224289	-0.219102	-0.274223	-0.277312	-0.277093	0.159219	0.165368	0.157367	0.162605	0.226322	0.206081	-0.109867	-0.113278	-0.122277	-0.118736	-0.117043	-0.105148	-0.108980	0.161373	0.201874	-0.274318	-0.109481	-0.109795	-0.189985	0.237297	0.230019	-0.167651	-0.170063	0.737798	0.197827	-0.162933	-0.171366	0.212288	0.223847	0.225413	-0.192086	-0.174679	-0.155327	0.222474	0.224344	-0.193211	0.233695	0.243206	0.213521	0.256696	0.166273	-0.162813	-0.155384	0.232875	
0.141630	0.166737	0.150873	0.151258	0.211844	0.209054	0.209445	0.213383	-0.124006	-0.120602	-0.124854	-0.119200	-0.113334	-0.118148	-0.120915	-0.198267	0.217967	-0.201539	-0.220941	-0.216039	-0.266015	-0.269927	-0.273604	0.156400	0.160253	0.152980	0.163022	0.223549	0.197205	-0.109686	-0.106489	-0.115485	-0.109554	-0.118383	-0.103073	-0.101162	0.153515	0.190764	-0.270950	-0.099672	-0.110271	-0.185708	0.251833	0.217272	-0.154124	-0.179927	0.197827	0.745554	-0.166983	-0.155814	0.246387	0.235598	0.198707	-0.188428	-0.155605	-0.024508	0.226196	0.232213	-0.170573	0.227526	0.226233	0.211920	0.228708	0.168677	-0.193046	-0.160767	0.245569	
-0.180778	-0.226222	-0.224842	-0.221164	-0.217873	-0.216478	-0.214443	-0.214058	0.009210	0.007810	0.010832	0.005254	-0.002075	0.000770	0.012175	0.383443	-0.215529	0.384075	0.349555	0.377342	0.239754	0.225945	0.207855	-0.222655	-0.224048	-0.223272	-0.227739	-0.214902	-0.231418	-0.002503	-0.008841	0.003668	0.002485	0.002415	-0.007905	-0.008101	-0.219616	-0.229373	0.197013	-0.006883	-0.003370	0.364743	-0.187325	-0.186650	0.351165	0.373739	-0.162933	-0.166983	1.031434	0.359378	-0.186012	-0.177932	-0.185303	0.335266	0.343726	0.327014	-0.171030	-0.134307	0.328419	-0.149509	-0.171695	-0.176240	-0.161023	-0.178857	0.344984	0.301408	-0.170955	
-0.206736	-0.239502	-0.237621	-0.231862	-0.226260	-0.224481	-0.224682	-0.221991	0.012300	0.014425	0.013356	0.008008	0.001541	0.005180	0.011770	0.402547	-0.222479	0.396480	0.361718	0.388049	0.257940	0.251109	0.220109	-0.236129	-0.237757	-0.238509	-0.240575	-0.224426	-0.244130	0.002175	-0.002064	0.006504	0.008377	0.002594	-0.002034	-0.002654	-0.234228	-0.244425	0.215146	-0.002554	-0.001516	0.386602	-0.199245	-0.191823	0.366792	0.357789	-0.171366	-0.155814	0.359378	1.045950	-0.174883	-0.186885	-0.183287	0.358619	0.345168	0.342858	-0.187680	-0.167154	0.384847	-0.171309	-0.187759	-0.184898	-0.168143	-0.190309	0.349537	0.350735	-0.184853	
0.122126	0.169065	0.157853	0.157007	0.218901	0.219879	0.221058	0.227744	-0.131935	-0.126247	-0.134813	-0.127725	-0.118753	-0.126496	-0.131868	-0.208336	0.232463	-0.211471	-0.231924	-0.221719	-0.274831	-0.281380	-0.284307	0.156187	0.156088	0.155880	0.169940	0.235322	0.202059	-0.115696	-0.111548	-0.120367	-0.121755	-0.122957	-0.106645	-0.116298	0.151984	0.197661	-0.278275	-0.110399	-0.113551	-0.192535	0.244018	0.227799	-0.182767	-0.181042	0.212288	0.246387	-0.186012	-0.174883	0.762961	0.238016	0.227727	-0.191050	-0.181815	-0.151394	0.237551	0.216734	-0.170986	0.245458	0.229445	0.226385	0.185649	0.187052	-0.185934	-0.188592	0.247663	
0.137614	0.172257	0.160613	0.153038	0.219882	0.223000	0.227773	0.230167	-0.133570	-0.131367	-0.134944	-0.126484	-0.124297	-0.128321	-0.128817	-0.209038	0.233557	-0.209556	-0.231439	-0.226030	-0.280798	-0.283567	-0.286628	0.161811	0.168898	0.156196	0.168013	0.232801	0.213907	-0.117219	-0.111202	-0.125609	-0.126352	-0.127424	-0.111001	-0.110338	0.158426	0.203451	-0.283644	-0.110763	-0.114406	-0.186675	0.255886	0.234477	-0.145431	-0.176386	0.223847	0.235598	-0.177932	-0.186885	0.238016	0.764739	0.274797	-0.180074	-0.173134	-0.180087	0.255100	0.224169	-0.217305	0.232802	0.247957	0.229616	0.242004	0.200003	-0.178976	-0.174267	0.234262	
0.196266	0.184999	0.160523	0.163637	0.231437	0.231298	0.237413	0.224739	-0.139100	-0.136633	-0.142515	-0.131451	-0.130577	-0.131799	-0.135205	-0.217102	0.237186	-0.220951	-0.243562	-0.235819	-0.288135	-0.290106	-0.297121	0.165922	0.169438	0.160541	0.176010	0.233712	0.215239	-0.121921	-0.113175	-0.133180	-0.123463	-0.129634	-0.121000	-0.114244	0.168628	0.208203	-0.292035	-0.112972	-0.117660	-0.197979	0.257352	0.261120	-0.168113	-0.174292	0.225413	0.198707	-0.185303	-0.183287	0.227727	0.274797	0.798682	-0.180941	-0.190530	-0.188283	0.262343	0.202326	-0.198910	0.237306	0.260344	0.237639	0.208803	0.198321	-0.193317	-0.171726	0.250303	
-0.224093	-0.244296	-0.244663	-0.238086	-0.236297	-0.238586	-0.231495	-0.231725	0.023748	0.022702	0.022519	0.011916	0.007156	0.014027	0.015449	0.382790	-0.235265	0.379111	0.363653	0.380014	0.271266	0.251103	0.233634	-0.241816	-0.246113	-0.244223	-0.244621	-0.234259	-0.253114	0.003662	0.005513	0.019217	0.020209	0.010724	0.007260	0.003306	-0.237915	-0.250515	0.227519	0.002118	0.008592	0.359371	-0.207384	-0.192886	0.352982	0.372603	-0.192086	-0.188428	0.335266	0.358619	-0.191050	-0.180074	-0.180941	1.004056	0.348182	0.335030	-0.182661	-0.163008	0.332622	-0.159263	-0.185465	-0.179237	-0.172088	-0.173467	0.364278	0.370167	-0.191634	
-0.216509	-0.240521	-0.238735	-0.233298	-0.232410	-0.231719	-0.228807	-0.228578	0.022033	0.024034	0.023462	0.017353	0.012359	0.017143	0.021135	0.387974	-0.229786	0.384371	0.358541	0.378763	0.265332	0.254931	0.229646	-0.237004	-0.238667	-0.237929	-0.240416	-0.230013	-0.247134	0.007329	0.004682	0.019817	0.019136	0.014373	0.011054	0.008527	-0.232298	-0.245332	0.227992	0.007747	0.010076	0.368930	-0.202884	-0.191773	0.339635	0.356902	-0.174679	-0.155605	0.343726	0.345168	-0.181815	-0.173134	-0.190530	0.348182	0.981123	0.349721	-0.186495	-0.156659	0.356005	-0.162234	-0.190255	-0.181500	-0.172804	-0.199318	0.345906	0.338506	-0.191007	
-0.239237	-0.232228	-0.233089	-0.227409	-0.228994	-0.224037	-0.226183	-0.222429	0.012100	0.016318	0.014902	0.013499	0.009194	0.012258	0.013965	0.384115	-0.223000	0.374144	0.349523	0.364008	0.259786	0.243070	0.221471	-0.232165	-0.233790	-0.232840	-0.234961	-0.219563	-0.241746	0.002524	0.003100	0.006549	0.009104	0.004926	0.004736	0.001613	-0.226642	-0.241416	0.212057	-0.000047	0.004959	0.350471	-0.190031	-0.178453	0.354434	0.341061	-0.155327	-0.024508	0.327014	0.342858	-0.151394	-0.180087	-0.188283	0.335030	0.349721	0.994861	-0.187456	-0.128754	0.318702	-0.150284	-0.183339	-0.162829	-0.151573	-0.196165	0.346513	0.391905	-0.157901	
0.165343	0.170506	0.162072	0.156427	0.220185	0.222059	0.219080	0.225110	-0.133443	-0.135681	-0.136269	-0.131075	-0.119279	-0.128861	-0.135543	-0.207525	0.224053	-0.211649	-0.232273	-0.224843	-0.280657	-0.282009	-0.284965	0.158733	0.166063	0.157751	0.164619	0.234998	0.209479	-0.118636	-0.113634	-0.127796	-0.122906	-0.124474	-0.112350	-0.111780	0.154313	0.203080	-0.282841	-0.108119	-0.114802	-0.195754	0.249904	0.243568	-0.165283	-0.165281	0.222474	0.226196	-0.171030	-0.187680	0.237551	0.255100	0.262343	-0.182661	-0.186495	-0.187456	0.791652	0.223395	-0.185510	0.239177	0.247528	0.225389	0.240744	0.211692	-0.185743	-0.159596	0.240358	
0.187572	0.154560	0.142106	0.145034	0.201520	0.193317	0.203085	0.199930	-0.127186	-0.122274	-0.123875	-0.116527	-0.116456	-0.126001	-0.126521	-0.197324	0.204151	-0.200096	-0.219989	-0.215769	-0.263166	-0.267248	-0.267787	0.150270	0.156611	0.147562	0.152923	0.217123	0.188245	-0.108639	-0.100427	-0.117399	-0.112881	-0.114932	-0.107455	-0.104031	0.150539	0.189303	-0.264294	-0.098157	-0.107156	-0.176044	0.240570	0.223199	-0.133103	-0.128385	0.224344	0.232213	-0.134307	-0.167154	0.216734	0.224169	0.202326	-0.163008	-0.156659	-0.128754	0.223395	0.709065	-0.179599	0.236264	0.229411	0.235102	0.220197	0.212068	-0.145653	-0.151803	0.236861	
-0.252479	-0.252301	-0.250131	-0.241731	-0.237917	-0.235970	-0.236641	-0.235508	0.014996	0.017640	0.020709	0.011866	0.004136	0.009584	0.022164	0.408268	-0.234563	0.406446	0.385997	0.396163	0.273772	0.265076	0.241000	-0.248044	-0.253828	-0.250959	-0.250846	-0.235705	-0.256568	0.001839	-0.004363	0.011293	0.010730	0.005741	0.001812	0.004389	-0.246013	-0.256164	0.233273	-0.002084	0.005701	0.361921	-0.212948	-0.209671	0.343059	0.360296	-0.193211	-0.170573	0.328419	0.384847	-0.170986	-0.217305	-0.198910	0.332622	0.356005	0.318702	-0.185510	-0.179599	1.067646	-0.190213	-0.206477	-0.193121	-0.189081	-0.132259	0.345344	0.328998	-0.193150	
0.148123	0.165221	0.150316	0.148669	0.213308	0.211026	0.215774	0.217105	-0.129954	-0.124108	-0.127125	-0.121931	-0.115026	-0.120377	-0.124907	-0.196968	0.218198	-0.201324	-0.221117	-0.213521	-0.265910	-0.270099	-0.272959	0.152504	0.154402	0.154553	0.153307	0.224702	0.197192	-0.112013	-0.104685	-0.118352	-0.115070	-0.115125	-0.103778	-0.104971	0.154405	0.192427	-0.268847	-0.100375	-0.104250	-0.178886	0.245852	0.229820	-0.143698	-0.141618	0.233695	0.227526	-0.149509	-0.171309	0.245458	0.232802	0.237306	-0.159263	-0.162234	-0.150284	0.239177	0.236264	-0.190213	0.737934	0.238667	0.219316	0.243758	0.188319	-0.162836	-0.154662	0.238696	
0.179406	0.177480	0.162109	0.160904	0.228293	0.228691	0.226173	0.228772	-0.136482	-0.134284	-0.139494	-0.131262	-0.125549	-0.132911	-0.133270	-0.212588	0.231772	-0.216631	-0.234904	-0.230215	-0.284269	-0.287062	-0.290937	0.162300	0.170037	0.164939	0.172941	0.234910	0.211386	-0.122564	-0.117574	-0.132329	-0.125656	-0.125650	-0.110830	-0.115161	0.163393	0.208108	-0.286556	-0.111709	-0.117511	-0.201354	0.264702	0.254700	-0.178887	-0.180646	0.243206	0.226233	-0.171695	-0.187759	0.229445	0.247957	0.260344	-0.185465	-0.190255	-0.183339	0.247528	0.229411	-0.206477	0.238667	0.796674	0.223805	0.250641	0.215344	-0.182120	-0.169073	0.265838	
0.151845	0.172158	0.161053	0.164099	0.214587	0.209758	0.214709	0.218655	-0.134508	-0.128790	-0.136485	-0.129346	-0.125915	-0.125388	-0.130006	-0.209429	0.214580	-0.216517	-0.230179	-0.226948	-0.279107	-0.279090	-0.280759	0.160934	0.166772	0.159597	0.163688	0.230887	0.205432	-0.116991	-0.111899	-0.124261	-0.116833	-0.122091	-0.111709	-0.116406	0.159988	0.202621	-0.279665	-0.105516	-0.111000	-0.191308	0.253248	0.231908	-0.163729	-0.194716	0.213521	0.211920	-0.176240	-0.184898	0.226385	0.229616	0.237639	-0.179237	-0.181500	-0.162829	0.225389	0.235102	-0.193121	0.219316	0.223805	0.773954	0.217694	0.192256	-0.189236	-0.153864	0.235037	
