1.016578	-0.223559	-0.224678	-0.221932	-0.218427	-0.203592	-0.201947	-0.201567	-0.201940	0.018078	0.018534	0.014441	0.009243	0.008065	0.006618	0.013457	-0.202403	0.540861	0.429821	0.472208	0.270041	0.256529	0.221749	-0.223689	-0.221510	-0.222650	-0.223546	-0.203482	-0.227171	0.004889	-0.001753	0.009460	0.007597	0.007076	0.000039	0.000809	-0.219588	-0.227294	0.213637	-0.001307	0.002494	0.428494	-0.200642	-0.186565	0.385657	0.429594	-0.192858	-0.189512	0.380151	0.389980	-0.186171	-0.191223	-0.192925	0.400155	0.385747	0.358744	-0.187892	-0.183688	0.389276	-0.181860	-0.195950	-0.186856	-0.199689	-0.227458	0.380075	0.349583	-0.193563	
-0.223559	0.897285	0.209546	0.209800	0.206935	0.151816	0.151820	0.151916	0.150469	-0.128161	-0.128023	-0.131066	-0.123398	-0.117214	-0.121304	-0.126712	0.153448	-0.226465	-0.250443	-0.242580	-0.300410	-0.303766	-0.308825	0.203508	0.210857	0.202498	0.208453	0.157670	0.217042	-0.114231	-0.113836	-0.126841	-0.124838	-0.122217	-0.107608	-0.108511	0.210077	0.224033	-0.306917	-0.104559	-0.116036	-0.240688	0.170134	0.163299	-0.234694	-0.243143	0.151056	0.152245	-0.224380	-0.236015	0.153456	0.156425	0.170788	-0.242859	-0.237865	-0.229571	0.156925	0.142980	-0.248643	0.151206	0.162721	0.157604	0.155603	0.208111	-0.244447	-0.234725	0.162115	
-0.224678	0.209546	0.891419	0.213594	0.206315	0.121972	0.122951	0.123079	0.127725	-0.123024	-0.124326	-0.127173	-0.120438	-0.116627	-0.119540	-0.124845	0.130103	-0.226799	-0.250332	-0.241916	-0.298885	-0.302220	-0.307412	0.272869	0.212086	0.239961	0.226232	0.137196	0.215715	-0.115137	-0.110902	-0.123936	-0.122440	-0.120484	-0.110216	-0.106476	0.208917	0.220561	-0.305735	-0.097769	-0.115059	-0.240525	0.160952	0.154172	-0.236838	-0.241497	0.145676	0.139514	-0.225356	-0.238273	0.145546	0.148628	0.148142	-0.246615	-0.237047	-0.232289	0.146754	0.136100	-0.249690	0.138203	0.153417	0.146157	0.145088	0.197044	-0.242950	-0.239518	0.150599	
-0.221932	0.209800	0.213594	0.901954	0.244629	0.119577	0.120656	0.121935	0.125516	-0.123501	-0.124158	-0.129066	-0.122424	-0.113891	-0.116283	-0.122164	0.129152	-0.224820	-0.247826	-0.239528	-0.293991	-0.296029	-0.301757	0.213990	0.212572	0.206870	0.211821	0.136253	0.217902	-0.112323	-0.109824	-0.122092	-0.119417	-0.113212	-0.107707	-0.108669	0.214627	0.224522	-0.299502	-0.099997	-0.109380	-0.237870	0.159100	0.148297	-0.234275	-0.240573	0.146611	0.137643	-0.222635	-0.234640	0.144408	0.146278	0.146672	-0.242927	-0.235958	-0.230498	0.147241	0.128276	-0.246997	0.137238	0.148847	0.146759	0.142077	0.205067	-0.237950	-0.231338	0.150161	
-0.218427	0.206935	0.206315	0.244629	0.892433	0.116507	0.116183	0.118034	0.121184	-0.118714	-0.121820	-0.121854	-0.116507	-0.115086	-0.113140	-0.119735	0.123983	-0.220854	-0.243104	-0.235359	-0.289587	-0.291624	-0.296685	0.200691	0.210831	0.200422	0.206378	0.131642	0.210918	-0.106605	-0.106281	-0.117990	-0.117664	-0.111801	-0.102436	-0.101402	0.205596	0.218644	-0.294887	-0.094586	-0.107401	-0.234754	0.155954	0.145799	-0.223338	-0.233019	0.147301	0.137879	-0.219436	-0.228604	0.144792	0.138286	0.148407	-0.236762	-0.230200	-0.225681	0.143646	0.132294	-0.237709	0.135009	0.147833	0.148815	0.144126	0.195846	-0.236287	-0.235538	0.146222	
-0.203592	0.151816	0.121972	0.119577	0.116507	1.040530	0.478510	0.426496	0.383719	-0.167449	-0.167054	-0.172490	-0.165944	-0.160543	-0.163748	-0.167970	0.379675	-0.206536	-0.236830	-0.225852	-0.296092	-0.300021	-0.306672	0.120762	0.123796	0.118914	0.127767	0.349755	0.174332	-0.160129	-0.155404	-0.166495	-0.166287	-0.162893	-0.153170	-0.153095	0.113903	0.153086	-0.306760	-0.147201	-0.159518	-0.226291	0.230029	0.223244	-0.225053	-0.230598	0.209011	0.200827	-0.213001	-0.220898	0.208669	0.209758	0.222155	-0.232849	-0.227490	-0.223570	0.209550	0.191112	-0.231971	0.203195	0.217244	0.204855	0.212036	0.135367	-0.235091	-0.236206	0.214732	
-0.201947	0.151820	0.122951	0.120656	0.116183	0.478510	1.013727	0.418337	0.379012	-0.165786	-0.165642	-0.170843	-0.165138	-0.158405	-0.162241	-0.165684	0.374944	-0.204405	-0.234617	-0.223466	-0.294021	-0.298132	-0.305097	0.121214	0.124051	0.118939	0.128622	0.346765	0.174359	-0.157699	-0.154169	-0.164020	-0.163633	-0.161076	-0.151480	-0.152229	0.114994	0.154837	-0.305078	-0.145894	-0.158707	-0.224073	0.229168	0.221196	-0.224527	-0.230435	0.208072	0.198757	-0.211942	-0.219710	0.208504	0.211748	0.219780	-0.234555	-0.226971	-0.219332	0.211740	0.183468	-0.230017	0.201678	0.217804	0.198076	0.205533	0.130024	-0.232581	-0.235971	0.217914	
-0.201567	0.151916	0.123079	0.121935	0.118034	0.426496	0.418337	0.991933	0.381076	-0.164481	-0.164383	-0.168649	-0.163113	-0.156609	-0.160535	-0.164434	0.376568	-0.202494	-0.233046	-0.221404	-0.291743	-0.296190	-0.302688	0.122574	0.127943	0.121842	0.130145	0.351349	0.177287	-0.156474	-0.152457	-0.162308	-0.162793	-0.158423	-0.149399	-0.149691	0.117356	0.156637	-0.302830	-0.144010	-0.156394	-0.222061	0.230970	0.228403	-0.220719	-0.222849	0.209883	0.198420	-0.209856	-0.218878	0.211630	0.215762	0.225954	-0.227184	-0.224211	-0.221590	0.207407	0.193518	-0.230724	0.205850	0.215471	0.202971	0.205586	0.135323	-0.231016	-0.228908	0.216450	
-0.201940	0.150469	0.127725	0.125516	0.121184	0.383719	0.379012	0.381076	0.977317	-0.161896	-0.162410	-0.167080	-0.160933	-0.154146	-0.158507	-0.162191	0.384840	-0.202372	-0.232427	-0.221172	-0.291917	-0.296286	-0.302760	0.125725	0.130950	0.123941	0.134191	0.357010	0.179757	-0.153846	-0.150170	-0.160009	-0.159464	-0.156582	-0.147430	-0.148426	0.119790	0.160383	-0.302793	-0.141982	-0.153848	-0.222169	0.230597	0.225458	-0.223518	-0.228557	0.202388	0.203593	-0.209253	-0.216602	0.217992	0.218999	0.211169	-0.228420	-0.223745	-0.218777	0.214808	0.190032	-0.230524	0.206845	0.216806	0.207085	0.205413	0.138219	-0.227582	-0.232265	0.223589	
0.018078	-0.128161	-0.123024	-0.123501	-0.118714	-0.167449	-0.165786	-0.164481	-0.161896	1.019140	0.072218	0.064580	0.065465	0.057700	0.058369	0.059980	-0.161915	0.031171	0.050670	0.040157	0.099105	0.106402	0.115868	-0.126075	-0.122118	-0.129643	-0.132202	-0.158988	-0.138378	0.057896	0.056263	0.056655	0.057129	0.047534	0.043676	0.048962	-0.117986	-0.134415	0.117678	0.051655	0.050638	0.034663	-0.147499	-0.145436	0.040887	0.039894	-0.131817	-0.131104	0.028416	0.032623	-0.140400	-0.139894	-0.146225	0.042829	0.041231	0.031667	-0.140432	-0.132259	0.034905	-0.136922	-0.143591	-0.140635	-0.139503	-0.136176	0.045765	0.043317	-0.142305	
0.018534	-0.128023	-0.124326	-0.124158	-0.121820	-0.167054	-0.165642	-0.164383	-0.162410	0.072218	1.019998	0.067547	0.067538	0.053495	0.062554	0.066039	-0.161768	0.028344	0.048591	0.038763	0.100802	0.105690	0.114590	-0.125274	-0.126746	-0.127410	-0.128978	-0.159327	-0.137010	0.062347	0.052494	0.055725	0.056943	0.060374	0.043945	0.040721	-0.119873	-0.135430	0.118518	0.041037	0.054129	0.032085	-0.144566	-0.142795	0.033419	0.036275	-0.137180	-0.128025	0.026747	0.033902	-0.135166	-0.139250	-0.144655	0.041193	0.043729	0.034940	-0.141452	-0.129305	0.037396	-0.130324	-0.141743	-0.135994	-0.136938	-0.128934	0.041541	0.038433	-0.139159	
0.014441	-0.131066	-0.127173	-0.129066	-0.121854	-0.172490	-0.170843	-0.168649	-0.167080	0.064580	0.067547	1.019221	0.067143	0.061807	0.062088	0.058206	-0.166252	0.027987	0.049390	0.039185	0.105458	0.111605	0.126830	-0.128526	-0.129123	-0.130599	-0.136639	-0.165223	-0.143145	0.055820	0.060101	0.065218	0.056996	0.064390	0.053537	0.053191	-0.123681	-0.139644	0.129309	0.048096	0.059118	0.030404	-0.150941	-0.147847	0.040347	0.042458	-0.135446	-0.132352	0.029586	0.032751	-0.141589	-0.142848	-0.149439	0.041574	0.043448	0.031463	-0.143683	-0.130526	0.042285	-0.133839	-0.147479	-0.144113	-0.143986	-0.134962	0.040768	0.048204	-0.142749	
0.009243	-0.123398	-0.120438	-0.122424	-0.116507	-0.165944	-0.165138	-0.163113	-0.160933	0.065465	0.067538	0.067143	1.009237	0.060032	0.058903	0.058098	-0.161162	0.019596	0.042256	0.031338	0.095193	0.098108	0.108934	-0.124835	-0.120815	-0.126816	-0.128583	-0.158897	-0.135415	0.054070	0.054963	0.060043	0.059955	0.063776	0.054807	0.051321	-0.116669	-0.132392	0.115852	0.044185	0.058192	0.027712	-0.141650	-0.140925	0.036503	0.027252	-0.126758	-0.126109	0.023137	0.026111	-0.135577	-0.135579	-0.140594	0.029558	0.035677	0.032740	-0.138532	-0.123479	0.030220	-0.130065	-0.139743	-0.135842	-0.133150	-0.133060	0.032214	0.028392	-0.133825	
0.008065	-0.117214	-0.116627	-0.113891	-0.115086	-0.160543	-0.158405	-0.156609	-0.154146	0.057700	0.053495	0.061807	0.060032	1.014568	0.054511	0.057988	-0.154262	0.017895	0.036344	0.027845	0.083473	0.093395	0.103805	-0.115803	-0.117736	-0.116220	-0.121378	-0.151950	-0.128104	0.046903	0.047701	0.059359	0.059397	0.056564	0.051590	0.052561	-0.110579	-0.124631	0.106297	0.040433	0.046266	0.020716	-0.137280	-0.138769	0.027129	0.035363	-0.129553	-0.121831	0.015491	0.019323	-0.124517	-0.131395	-0.138728	0.024812	0.030420	0.028332	-0.128214	-0.125396	0.023172	-0.123119	-0.134579	-0.133630	-0.122491	-0.124192	0.027655	0.019364	-0.131372	
0.006618	-0.121304	-0.119540	-0.116283	-0.113140	-0.163748	-0.162241	-0.160535	-0.158507	0.058369	0.062554	0.062088	0.058903	0.054511	1.022757	0.057851	-0.156909	0.021454	0.040197	0.031141	0.093524	0.102059	0.110983	-0.120669	-0.119805	-0.121058	-0.124288	-0.155304	-0.131177	0.057285	0.045589	0.058598	0.052261	0.050730	0.044826	0.045271	-0.109660	-0.128091	0.116463	0.040165	0.051394	0.025234	-0.141501	-0.144181	0.031430	0.028343	-0.128270	-0.124752	0.019800	0.024470	-0.134014	-0.136197	-0.139031	0.030345	0.036047	0.029044	-0.135296	-0.134258	0.029404	-0.128030	-0.140070	-0.131939	-0.134110	-0.127888	0.034585	0.033966	-0.136202	
0.013457	-0.126712	-0.124845	-0.122164	-0.119735	-0.167970	-0.165684	-0.164434	-0.162191	0.059980	0.066039	0.058206	0.058098	0.057988	0.057851	1.024068	-0.162068	0.026574	0.048386	0.036297	0.101980	0.101166	0.115241	-0.122784	-0.126624	-0.125557	-0.128140	-0.160117	-0.136772	0.057252	0.058971	0.056718	0.065928	0.062941	0.046477	0.046672	-0.120187	-0.131676	0.117053	0.045082	0.052558	0.031501	-0.144562	-0.142233	0.039628	0.028754	-0.138454	-0.129027	0.029908	0.031132	-0.139124	-0.135598	-0.141172	0.034415	0.039805	0.035182	-0.142835	-0.132122	0.042803	-0.132657	-0.141046	-0.136543	-0.133868	-0.125755	0.041842	0.047051	-0.139883	
-0.202403	0.153448	0.130103	0.129152	0.123983	0.379675	0.374944	0.376568	0.384840	-0.161915	-0.161768	-0.166252	-0.161162	-0.154262	-0.156909	-0.162068	0.968351	-0.202896	-0.233411	-0.222193	-0.292098	-0.296279	-0.302843	0.128690	0.132781	0.126944	0.135545	0.357023	0.184160	-0.153513	-0.149907	-0.159885	-0.160634	-0.156700	-0.146604	-0.147345	0.124034	0.164225	-0.303236	-0.141273	-0.152896	-0.222281	0.233880	0.226260	-0.222418	-0.224408	0.218090	0.207201	-0.210792	-0.218040	0.220931	0.222229	0.226386	-0.231530	-0.224979	-0.218703	0.212907	0.193492	-0.229840	0.207894	0.219970	0.204532	0.209656	0.142717	-0.230785	-0.233460	0.220884	
0.540861	-0.226465	-0.226799	-0.224820	-0.220854	-0.206536	-0.204405	-0.202494	-0.202372	0.031171	0.028344	0.027987	0.019596	0.017895	0.021454	0.026574	-0.202896	1.100305	0.477981	0.534002	0.311494	0.293426	0.259117	-0.225270	-0.224275	-0.225559	-0.226460	-0.204447	-0.230365	0.013552	0.011674	0.022008	0.019318	0.017477	0.012059	0.011118	-0.221830	-0.231493	0.243238	0.011099	0.015047	0.460745	-0.207070	-0.206165	0.411547	0.417661	-0.192189	-0.190372	0.411114	0.426927	-0.201246	-0.199410	-0.210687	0.414799	0.414093	0.406199	-0.200650	-0.188245	0.433091	-0.190057	-0.206834	-0.205614	-0.195858	-0.227151	0.407662	0.398272	-0.202594	
0.429821	-0.250443	-0.250332	-0.247826	-0.243104	-0.236830	-0.234617	-0.233046	-0.232427	0.050670	0.048591	0.049390	0.042256	0.036344	0.040197	0.048386	-0.233411	0.477981	1.112417	0.480411	0.355834	0.341799	0.311977	-0.248898	-0.247457	-0.248338	-0.250344	-0.234725	-0.258356	0.033978	0.030341	0.040159	0.042912	0.036721	0.030987	0.030031	-0.243331	-0.258045	0.304491	0.029499	0.035516	0.418826	-0.235580	-0.233405	0.392579	0.389020	-0.219663	-0.215502	0.379764	0.395649	-0.225493	-0.227178	-0.239124	0.397420	0.391856	0.383004	-0.226952	-0.213617	0.423563	-0.215568	-0.230901	-0.225318	-0.222827	-0.248017	0.388283	0.378348	-0.227113	
0.472208	-0.242580	-0.241916	-0.239528	-0.235359	-0.225852	-0.223466	-0.221404	-0.221172	0.040157	0.038763	0.039185	0.031338	0.027845	0.031141	0.036297	-0.222193	0.534002	0.480411	1.141737	0.337363	0.322079	0.288044	-0.240674	-0.239544	-0.240277	-0.242214	-0.223261	-0.248041	0.022973	0.019839	0.029499	0.028722	0.026264	0.019192	0.019388	-0.237285	-0.248258	0.275955	0.017818	0.022768	0.451682	-0.225171	-0.224347	0.400944	0.413797	-0.211108	-0.207801	0.407688	0.419615	-0.214826	-0.217943	-0.230523	0.409470	0.408605	0.395958	-0.218469	-0.208151	0.428924	-0.205462	-0.224033	-0.219887	-0.215277	-0.239437	0.399745	0.397871	-0.217929	
0.270041	-0.300410	-0.298885	-0.293991	-0.289587	-0.296092	-0.294021	-0.291743	-0.291917	0.099105	0.100802	0.105458	0.095193	0.083473	0.093524	0.101980	-0.292098	0.311494	0.355834	0.337363	1.218582	0.462772	0.454172	-0.295997	-0.295302	-0.296636	-0.299712	-0.293378	-0.314926	0.080053	0.080400	0.094562	0.093558	0.090050	0.077921	0.078889	-0.291305	-0.314956	0.446685	0.070247	0.082621	0.300127	-0.292927	-0.288214	0.283795	0.287264	-0.276450	-0.266754	0.271524	0.291357	-0.275489	-0.283191	-0.290391	0.304372	0.297518	0.295444	-0.281914	-0.264803	0.311183	-0.267507	-0.285742	-0.282178	-0.279319	-0.306974	0.296641	0.289271	-0.283197	
0.256529	-0.303766	-0.302220	-0.296029	-0.291624	-0.300021	-0.298132	-0.296190	-0.296286	0.106402	0.105690	0.111605	0.098108	0.093395	0.102059	0.101166	-0.296279	0.293426	0.341799	0.322079	0.462772	1.220229	0.467613	-0.298470	-0.298632	-0.299985	-0.302505	-0.297557	-0.318770	0.086824	0.084633	0.100739	0.099490	0.094328	0.082249	0.081418	-0.294822	-0.319587	0.464783	0.074945	0.087549	0.292118	-0.296024	-0.291975	0.275589	0.275060	-0.280199	-0.272075	0.259745	0.284421	-0.283503	-0.284488	-0.292257	0.283153	0.286680	0.274323	-0.283121	-0.268904	0.297526	-0.272300	-0.288849	-0.281155	-0.279067	-0.306205	0.288096	0.278797	-0.287694	
0.221749	-0.308825	-0.307412	-0.301757	-0.296685	-0.306672	-0.305097	-0.302688	-0.302760	0.115868	0.114590	0.126830	0.108934	0.103805	0.110983	0.115241	-0.302843	0.259117	0.311977	0.288044	0.454172	0.467613	1.238268	-0.303148	-0.302798	-0.303748	-0.308034	-0.304482	-0.325133	0.098703	0.092284	0.112721	0.111788	0.105550	0.094863	0.093614	-0.298252	-0.325793	0.489716	0.084700	0.100197	0.261394	-0.302736	-0.296761	0.253338	0.251937	-0.281052	-0.276982	0.239161	0.253654	-0.288348	-0.291248	-0.300314	0.265479	0.261399	0.252886	-0.288204	-0.270727	0.276199	-0.276459	-0.294326	-0.284281	-0.288465	-0.312122	0.267028	0.254831	-0.293273	
-0.223689	0.203508	0.272869	0.213990	0.200691	0.120762	0.121214	0.122574	0.125725	-0.126075	-0.125274	-0.128526	-0.124835	-0.115803	-0.120669	-0.122784	0.128690	-0.225270	-0.248898	-0.240674	-0.295997	-0.298470	-0.303148	0.901054	0.218389	0.251105	0.218531	0.136670	0.212373	-0.115377	-0.110400	-0.123843	-0.122945	-0.120309	-0.108108	-0.110054	0.207914	0.215989	-0.303069	-0.098907	-0.114631	-0.238855	0.159084	0.154789	-0.233222	-0.234657	0.142601	0.140967	-0.220873	-0.234459	0.139960	0.146971	0.147340	-0.242323	-0.235761	-0.232133	0.142058	0.135351	-0.246307	0.136765	0.146674	0.146228	0.148157	0.197145	-0.243532	-0.241274	0.150874	
-0.221510	0.210857	0.212086	0.212572	0.210831	0.123796	0.124051	0.127943	0.130950	-0.122118	-0.126746	-0.129123	-0.120815	-0.117736	-0.119805	-0.126624	0.132781	-0.224275	-0.247457	-0.239544	-0.295302	-0.298632	-0.302798	0.218389	0.892727	0.220384	0.232534	0.141157	0.216415	-0.111961	-0.109741	-0.121595	-0.115932	-0.116567	-0.107817	-0.105740	0.210455	0.223177	-0.301879	-0.100097	-0.114036	-0.237095	0.164206	0.159491	-0.233808	-0.237120	0.151692	0.145352	-0.221646	-0.235801	0.141847	0.153819	0.155392	-0.244702	-0.236048	-0.230828	0.152935	0.143018	-0.249959	0.141406	0.156229	0.152282	0.152994	0.201557	-0.241667	-0.241161	0.153103	
-0.222650	0.202498	0.239961	0.206870	0.200422	0.118914	0.118939	0.121842	0.123941	-0.129643	-0.127410	-0.130599	-0.126816	-0.116220	-0.121058	-0.125557	0.126944	-0.225559	-0.248338	-0.240277	-0.296636	-0.299985	-0.303748	0.251105	0.220384	0.903082	0.307294	0.134968	0.209622	-0.119318	-0.112351	-0.123627	-0.123035	-0.120258	-0.108158	-0.113672	0.201828	0.213565	-0.302219	-0.102835	-0.116319	-0.238355	0.156604	0.153083	-0.235287	-0.237718	0.144185	0.137427	-0.221650	-0.235958	0.141283	0.140503	0.144743	-0.242845	-0.236065	-0.231729	0.142041	0.133264	-0.248207	0.140225	0.148894	0.145340	0.145706	0.199719	-0.238029	-0.239342	0.150301	
-0.223546	0.208453	0.226232	0.211821	0.206378	0.127767	0.128622	0.130145	0.134191	-0.132202	-0.128978	-0.136639	-0.128583	-0.121378	-0.124288	-0.128140	0.135545	-0.226460	-0.250344	-0.242214	-0.299712	-0.302505	-0.308034	0.218531	0.232534	0.307294	0.901828	0.144168	0.217740	-0.115969	-0.115435	-0.126314	-0.127839	-0.121187	-0.110590	-0.113215	0.206015	0.221298	-0.306302	-0.106041	-0.120152	-0.241017	0.165521	0.157975	-0.234007	-0.239153	0.145637	0.147318	-0.225406	-0.237540	0.155653	0.153979	0.160427	-0.244266	-0.238003	-0.231743	0.150126	0.139281	-0.247704	0.138546	0.158292	0.149629	0.152185	0.201648	-0.244629	-0.240632	0.156732	
-0.203482	0.157670	0.137196	0.136253	0.131642	0.349755	0.346765	0.351349	0.357010	-0.158988	-0.159327	-0.165223	-0.158897	-0.151950	-0.155304	-0.160117	0.357023	-0.204447	-0.234725	-0.223261	-0.293378	-0.297557	-0.304482	0.136670	0.141157	0.134968	0.144168	0.963220	0.195333	-0.151343	-0.147212	-0.157023	-0.158177	-0.154254	-0.144270	-0.145038	0.131774	0.172763	-0.304482	-0.138245	-0.151559	-0.225511	0.239007	0.232721	-0.226222	-0.227533	0.215032	0.214331	-0.210524	-0.219636	0.224404	0.220866	0.220892	-0.230112	-0.225685	-0.215710	0.223168	0.205826	-0.231651	0.213933	0.224521	0.219418	0.209535	0.145051	-0.233204	-0.225351	0.224283	
-0.227171	0.217042	0.215715	0.217902	0.210918	0.174332	0.174359	0.177287	0.179757	-0.138378	-0.137010	-0.143145	-0.135415	-0.128104	-0.131177	-0.136772	0.184160	-0.230365	-0.258356	-0.248041	-0.314926	-0.318770	-0.325133	0.212373	0.216415	0.209622	0.217740	0.195333	0.845030	-0.127014	-0.121615	-0.134315	-0.134434	-0.131413	-0.118085	-0.118329	0.217379	0.274885	-0.323736	-0.111392	-0.127613	-0.247049	0.208978	0.202161	-0.243720	-0.244412	0.194609	0.183038	-0.230112	-0.241686	0.187855	0.200461	0.202039	-0.251683	-0.244328	-0.240101	0.195083	0.176584	-0.253551	0.183645	0.198551	0.192014	0.194392	0.220880	-0.250843	-0.247050	0.199542	
0.004889	-0.114231	-0.115137	-0.112323	-0.106605	-0.160129	-0.157699	-0.156474	-0.153846	0.057896	0.062347	0.055820	0.054070	0.046903	0.057285	0.057252	-0.153513	0.013552	0.033978	0.022973	0.080053	0.086824	0.098703	-0.115377	-0.111961	-0.119318	-0.115969	-0.151343	-0.127014	1.004429	0.044341	0.060764	0.069808	0.055337	0.042005	0.052145	-0.108220	-0.120326	0.103292	0.040174	0.055464	0.018244	-0.134550	-0.130203	0.020337	0.027157	-0.118053	-0.117472	0.015012	0.020872	-0.122529	-0.125092	-0.129371	0.021636	0.025746	0.019611	-0.126564	-0.116014	0.020298	-0.119559	-0.131234	-0.124935	-0.125342	-0.112768	0.026974	0.030803	-0.130602	
-0.001753	-0.113836	-0.110902	-0.109824	-0.106281	-0.155404	-0.154169	-0.152457	-0.150170	0.056263	0.052494	0.060101	0.054963	0.047701	0.045589	0.058971	-0.149907	0.011674	0.030341	0.019839	0.080400	0.084633	0.092284	-0.110400	-0.109741	-0.112351	-0.115435	-0.147212	-0.121615	0.044341	1.002957	0.059204	0.053075	0.054170	0.041900	0.044229	-0.103130	-0.117603	0.096278	0.046484	0.058408	0.013963	-0.129179	-0.127349	0.016042	0.025187	-0.121630	-0.113162	0.008737	0.016332	-0.120156	-0.118807	-0.120586	0.024674	0.022735	0.019062	-0.124022	-0.107054	0.016066	-0.112143	-0.125879	-0.119275	-0.120521	-0.114198	0.022048	0.029309	-0.123689	
0.009460	-0.126841	-0.123936	-0.122092	-0.117990	-0.166495	-0.164020	-0.162308	-0.160009	0.056655	0.055725	0.065218	0.060043	0.059359	0.058598	0.056718	-0.159885	0.022008	0.040159	0.029499	0.094562	0.100739	0.112721	-0.123843	-0.121595	-0.123627	-0.126314	-0.157023	-0.134315	0.060764	0.059204	1.012630	0.056929	0.062007	0.055626	0.054425	-0.116701	-0.131315	0.116988	0.046843	0.055545	0.027420	-0.141682	-0.139747	0.027833	0.025688	-0.129635	-0.122216	0.021883	0.025399	-0.128001	-0.132986	-0.139627	0.035446	0.038412	0.024214	-0.134713	-0.125768	0.030939	-0.126108	-0.139412	-0.131772	-0.132959	-0.125972	0.041283	0.034258	-0.136136	
0.007597	-0.124838	-0.122440	-0.119417	-0.117664	-0.166287	-0.163633	-0.162793	-0.159464	0.057129	0.056943	0.056996	0.059955	0.059397	0.052261	0.065928	-0.160634	0.019318	0.042912	0.028722	0.093558	0.099490	0.111788	-0.122945	-0.115932	-0.123035	-0.127839	-0.158177	-0.134434	0.069808	0.053075	0.056929	1.008224	0.064734	0.055594	0.058894	-0.114999	-0.130946	0.112253	0.040108	0.053947	0.027679	-0.139032	-0.136588	0.032413	0.027744	-0.127118	-0.115727	0.020595	0.028375	-0.130100	-0.134254	-0.132993	0.038689	0.038682	0.027519	-0.131532	-0.120277	0.032365	-0.122456	-0.134270	-0.123535	-0.130394	-0.123713	0.038669	0.048652	-0.134470	
0.007076	-0.122217	-0.120484	-0.113212	-0.111801	-0.162893	-0.161076	-0.158423	-0.156582	0.047534	0.060374	0.064390	0.063776	0.056564	0.050730	0.062941	-0.156700	0.017477	0.036721	0.026264	0.090050	0.094328	0.105550	-0.120309	-0.116567	-0.120258	-0.121187	-0.154254	-0.131413	0.055337	0.054170	0.062007	0.064734	1.008986	0.053381	0.040415	-0.110157	-0.127584	0.112010	0.036884	0.056599	0.022976	-0.139891	-0.136954	0.024889	0.020576	-0.124181	-0.126440	0.021127	0.021820	-0.131315	-0.135474	-0.136187	0.028844	0.033931	0.022433	-0.132332	-0.121989	0.024845	-0.122371	-0.133292	-0.129748	-0.125899	-0.125576	0.033336	0.035142	-0.135161	
0.000039	-0.107608	-0.110216	-0.107707	-0.102436	-0.153170	-0.151480	-0.149399	-0.147430	0.043676	0.043945	0.053537	0.054807	0.051590	0.044826	0.046477	-0.146604	0.012059	0.030987	0.019192	0.077921	0.082249	0.094863	-0.108108	-0.107817	-0.108158	-0.110590	-0.144270	-0.118085	0.042005	0.041900	0.055626	0.055594	0.053381	1.002946	0.046617	-0.100281	-0.113940	0.094525	0.036418	0.054887	0.014240	-0.125363	-0.122026	0.024033	0.023789	-0.112347	-0.110724	0.010920	0.016848	-0.114969	-0.120220	-0.128198	0.023179	0.029148	0.021106	-0.119630	-0.114320	0.020390	-0.111585	-0.119552	-0.118991	-0.114882	-0.113580	0.026734	0.028591	-0.120611	
0.000809	-0.108511	-0.106476	-0.108669	-0.101402	-0.153095	-0.152229	-0.149691	-0.148426	0.048962	0.040721	0.053191	0.051321	0.052561	0.045271	0.046672	-0.147345	0.011118	0.030031	0.019388	0.078889	0.081418	0.093614	-0.110054	-0.105740	-0.113672	-0.113215	-0.145038	-0.118329	0.052145	0.044229	0.054425	0.058894	0.040415	0.046617	1.003004	-0.100034	-0.113683	0.095744	0.044975	0.055907	0.015824	-0.127357	-0.122809	0.018465	0.022641	-0.116810	-0.108642	0.009580	0.016146	-0.122684	-0.118833	-0.123577	0.021190	0.027301	0.019962	-0.120746	-0.111231	0.023837	-0.112607	-0.123245	-0.124958	-0.121691	-0.110396	0.021872	0.018199	-0.123611	
-0.219588	0.210077	0.208917	0.214627	0.205596	0.113903	0.114994	0.117356	0.119790	-0.117986	-0.119873	-0.123681	-0.116669	-0.110579	-0.109660	-0.120187	0.124034	-0.221830	-0.243331	-0.237285	-0.291305	-0.294822	-0.298252	0.207914	0.210455	0.201828	0.206015	0.131774	0.217379	-0.108220	-0.103130	-0.116701	-0.114999	-0.110157	-0.100281	-0.100034	0.878456	0.229341	-0.293881	-0.089829	-0.105715	-0.234172	0.160339	0.153780	-0.227243	-0.231105	0.146021	0.140039	-0.217084	-0.231191	0.137123	0.144037	0.154809	-0.236048	-0.228896	-0.224166	0.141651	0.138151	-0.242459	0.140330	0.148266	0.146640	0.150186	0.192822	-0.238864	-0.228268	0.151986	
-0.227294	0.224033	0.220561	0.224522	0.218644	0.153086	0.154837	0.156637	0.160383	-0.134415	-0.135430	-0.139644	-0.132392	-0.124631	-0.128091	-0.131676	0.164225	-0.231493	-0.258045	-0.248258	-0.314956	-0.319587	-0.325793	0.215989	0.223177	0.213565	0.221298	0.172763	0.274885	-0.120326	-0.117603	-0.131315	-0.130946	-0.127584	-0.113940	-0.113683	0.229341	0.849119	-0.322148	-0.106576	-0.119841	-0.244790	0.202526	0.196951	-0.242146	-0.247694	0.187716	0.176349	-0.227035	-0.241779	0.184174	0.189249	0.192520	-0.249816	-0.242940	-0.240266	0.189005	0.175955	-0.252959	0.178296	0.193906	0.188656	0.186999	0.221566	-0.248612	-0.247237	0.192480	
0.213637	-0.306917	-0.305735	-0.299502	-0.294887	-0.306760	-0.305078	-0.302830	-0.302793	0.117678	0.118518	0.129309	0.115852	0.106297	0.116463	0.117053	-0.303236	0.243238	0.304491	0.275955	0.446685	0.464783	0.489716	-0.303069	-0.301879	-0.302219	-0.306302	-0.304482	-0.323736	0.103292	0.096278	0.116988	0.112253	0.112010	0.094525	0.095744	-0.293881	-0.322148	1.210123	0.089692	0.104781	0.253742	-0.299166	-0.295898	0.246802	0.241490	-0.278457	-0.273963	0.228529	0.246626	-0.281934	-0.287358	-0.295470	0.260311	0.259180	0.241885	-0.285906	-0.267466	0.266863	-0.271816	-0.290232	-0.282347	-0.285303	-0.308308	0.259758	0.250472	-0.291357	
-0.001307	-0.104559	-0.097769	-0.099997	-0.094586	-0.147201	-0.145894	-0.144010	-0.141982	0.051655	0.041037	0.048096	0.044185	0.040433	0.040165	0.045082	-0.141273	0.011099	0.029499	0.017818	0.070247	0.074945	0.084700	-0.098907	-0.100097	-0.102835	-0.106041	-0.138245	-0.111392	0.040174	0.046484	0.046843	0.040108	0.036884	0.036418	0.044975	-0.089829	-0.106576	0.089692	0.997390	0.045295	0.015955	-0.121833	-0.121005	0.017001	0.019048	-0.116598	-0.107542	0.010189	0.015791	-0.118528	-0.119182	-0.120771	0.019693	0.025661	0.016177	-0.115734	-0.105701	0.017178	-0.107722	-0.120354	-0.113957	-0.117007	-0.102716	0.024040	0.022841	-0.115546	
0.002494	-0.116036	-0.115059	-0.109380	-0.107401	-0.159518	-0.158707	-0.156394	-0.153848	0.050638	0.054129	0.059118	0.058192	0.046266	0.051394	0.052558	-0.152896	0.015047	0.035516	0.022768	0.082621	0.087549	0.100197	-0.114631	-0.114036	-0.116319	-0.120152	-0.151559	-0.127613	0.055464	0.058408	0.055545	0.053947	0.056599	0.054887	0.055907	-0.105715	-0.119841	0.104781	0.045295	0.995369	0.020727	-0.131211	-0.128780	0.027000	0.030842	-0.117683	-0.117656	0.015618	0.017378	-0.121902	-0.122819	-0.123410	0.026562	0.028446	0.022786	-0.122637	-0.114272	0.025288	-0.112258	-0.125751	-0.119414	-0.118505	-0.118771	0.033119	0.029474	-0.126519	
0.428494	-0.240688	-0.240525	-0.237870	-0.234754	-0.226291	-0.224073	-0.222061	-0.222169	0.034663	0.032085	0.030404	0.027712	0.020716	0.025234	0.031501	-0.222281	0.460745	0.418826	0.451682	0.300127	0.292118	0.261394	-0.238855	-0.237095	-0.238355	-0.241017	-0.225511	-0.247049	0.018244	0.013963	0.027420	0.027679	0.022976	0.014240	0.015824	-0.234172	-0.244790	0.253742	0.015955	0.020727	1.043802	-0.203682	-0.198621	0.404128	0.402807	-0.184491	-0.179813	0.393412	0.416220	-0.191025	-0.183620	-0.193100	0.393732	0.400164	0.379036	-0.192300	-0.171228	0.388879	-0.174263	-0.197229	-0.187803	-0.192946	-0.210174	0.395323	0.384912	-0.190554	
-0.200642	0.170134	0.160952	0.159100	0.155954	0.230029	0.229168	0.230970	0.230597	-0.147499	-0.144566	-0.150941	-0.141650	-0.137280	-0.141501	-0.144562	0.233880	-0.207070	-0.235580	-0.225171	-0.292927	-0.296024	-0.302736	0.159084	0.164206	0.156604	0.165521	0.239007	0.208978	-0.134550	-0.129179	-0.141682	-0.139032	-0.139891	-0.125363	-0.127357	0.160339	0.202526	-0.299166	-0.121833	-0.131211	-0.203682	0.822360	0.253274	-0.185466	-0.198222	0.228207	0.242403	-0.184693	-0.193974	0.234195	0.245131	0.247830	-0.203418	-0.198911	-0.183891	0.241016	0.231181	-0.206518	0.235097	0.253650	0.241627	0.242799	0.199825	-0.205568	-0.202012	0.253338	
-0.186565	0.163299	0.154172	0.148297	0.145799	0.223244	0.221196	0.228403	0.225458	-0.145436	-0.142795	-0.147847	-0.140925	-0.138769	-0.144181	-0.142233	0.226260	-0.206165	-0.233405	-0.224347	-0.288214	-0.291975	-0.296761	0.154789	0.159491	0.153083	0.157975	0.232721	0.202161	-0.130203	-0.127349	-0.139747	-0.136588	-0.136954	-0.122026	-0.122809	0.153780	0.196951	-0.295898	-0.121005	-0.128780	-0.198621	0.253274	0.802844	-0.184122	-0.180027	0.223418	0.212890	-0.185488	-0.188741	0.222095	0.229335	0.259162	-0.192563	-0.190369	-0.171683	0.232748	0.213543	-0.200969	0.222853	0.244549	0.221095	0.238767	0.199450	-0.184709	-0.172054	0.239155	
0.385657	-0.234694	-0.236838	-0.234275	-0.223338	-0.225053	-0.224527	-0.220719	-0.223518	0.040887	0.033419	0.040347	0.036503	0.027129	0.031430	0.039628	-0.222418	0.411547	0.392579	0.400944	0.283795	0.275589	0.253338	-0.233222	-0.233808	-0.235287	-0.234007	-0.226222	-0.243720	0.020337	0.016042	0.027833	0.032413	0.024889	0.024033	0.018465	-0.227243	-0.242146	0.246802	0.017001	0.027000	0.404128	-0.185466	-0.184122	0.949336	0.406286	-0.163377	-0.151658	0.366673	0.397830	-0.177637	-0.144145	-0.152863	0.375733	0.357827	0.379564	-0.160136	-0.129320	0.351465	-0.137733	-0.177110	-0.157540	-0.148308	-0.166350	0.352048	0.390880	-0.176949	
0.429594	-0.243143	-0.241497	-0.240573	-0.233019	-0.230598	-0.230435	-0.222849	-0.228557	0.039894	0.036275	0.042458	0.027252	0.035363	0.028343	0.028754	-0.224408	0.417661	0.389020	0.413797	0.287264	0.275060	0.251937	-0.234657	-0.237120	-0.237718	-0.239153	-0.227533	-0.244412	0.027157	0.025187	0.025688	0.027744	0.020576	0.023789	0.022641	-0.231105	-0.247694	0.241490	0.019048	0.030842	0.402807	-0.198222	-0.180027	0.406286	0.990799	-0.170622	-0.174605	0.398519	0.385751	-0.166635	-0.169861	-0.173010	0.398745	0.379554	0.382987	-0.160548	-0.123047	0.360944	-0.140377	-0.174951	-0.191166	-0.181664	-0.164229	0.364854	0.392099	-0.162064	
-0.192858	0.151056	0.145676	0.146611	0.147301	0.209011	0.208072	0.209883	0.202388	-0.131817	-0.137180	-0.135446	-0.126758	-0.129553	-0.128270	-0.138454	0.218090	-0.192189	-0.219663	-0.211108	-0.276450	-0.280199	-0.281052	0.142601	0.151692	0.144185	0.145637	0.215032	0.194609	-0.118053	-0.121630	-0.129635	-0.127118	-0.124181	-0.112347	-0.116810	0.146021	0.187716	-0.278457	-0.116598	-0.117683	-0.184491	0.228207	0.223418	-0.163377	-0.170622	0.731759	0.188974	-0.160552	-0.166600	0.201279	0.223285	0.212593	-0.187302	-0.169393	-0.153935	0.215358	0.218850	-0.187047	0.223318	0.233751	0.219650	0.240752	0.160419	-0.155016	-0.150102	0.227708	
-0.189512	0.152245	0.139514	0.137643	0.137879	0.200827	0.198757	0.198420	0.203593	-0.131104	-0.128025	-0.132352	-0.126109	-0.121831	-0.124752	-0.129027	0.207201	-0.190372	-0.215502	-0.207801	-0.266754	-0.272075	-0.276982	0.140967	0.145352	0.137427	0.147318	0.214331	0.183038	-0.117472	-0.113162	-0.122216	-0.115727	-0.126440	-0.110724	-0.108642	0.140039	0.176349	-0.273963	-0.107542	-0.117656	-0.179813	0.242403	0.212890	-0.151658	-0.174605	0.188974	0.737436	-0.165271	-0.142783	0.238689	0.218277	0.180937	-0.182701	-0.151079	-0.016771	0.208044	0.223281	-0.168224	0.211107	0.220714	0.203205	0.219268	0.171230	-0.187489	-0.157449	0.238191	
0.380151	-0.224380	-0.225356	-0.222635	-0.219436	-0.213001	-0.211942	-0.209856	-0.209253	0.028416	0.026747	0.029586	0.023137	0.015491	0.019800	0.029908	-0.210792	0.411114	0.379764	0.407688	0.271524	0.259745	0.239161	-0.220873	-0.221646	-0.221650	-0.225406	-0.210524	-0.230112	0.015012	0.008737	0.021883	0.020595	0.021127	0.010920	0.009580	-0.217084	-0.227035	0.228529	0.010189	0.015618	0.393412	-0.184693	-0.185488	0.366673	0.398519	-0.160552	-0.165271	1.018389	0.387589	-0.180964	-0.176157	-0.186007	0.372172	0.372550	0.354251	-0.167147	-0.131759	0.356099	-0.142519	-0.169312	-0.175455	-0.162579	-0.179969	0.369859	0.332295	-0.170159	
0.389980	-0.236015	-0.238273	-0.234640	-0.228604	-0.220898	-0.219710	-0.218878	-0.216602	0.032623	0.033902	0.032751	0.026111	0.019323	0.024470	0.031132	-0.218040	0.426927	0.395649	0.419615	0.291357	0.284421	0.253654	-0.234459	-0.235801	-0.235958	-0.237540	-0.219636	-0.241686	0.020872	0.016332	0.025399	0.028375	0.021820	0.016848	0.016146	-0.231191	-0.241779	0.246626	0.015791	0.017378	0.416220	-0.193974	-0.188741	0.397830	0.385751	-0.166600	-0.142783	0.387589	1.033751	-0.172710	-0.182321	-0.180749	0.389767	0.374228	0.363776	-0.182519	-0.161541	0.412592	-0.166486	-0.184358	-0.184296	-0.169612	-0.185480	0.379385	0.378150	-0.180826	
-0.186171	0.153456	0.145546	0.144408	0.144792	0.208669	0.208504	0.211630	0.217992	-0.140400	-0.135166	-0.141589	-0.135577	-0.124517	-0.134014	-0.139124	0.220931	-0.201246	-0.225493	-0.214826	-0.275489	-0.283503	-0.288348	0.139960	0.141847	0.141283	0.155653	0.224404	0.187855	-0.122529	-0.120156	-0.128001	-0.130100	-0.131315	-0.114969	-0.122684	0.137123	0.184174	-0.281934	-0.118528	-0.121902	-0.191025	0.234195	0.222095	-0.177637	-0.166635	0.201279	0.238689	-0.180964	-0.172710	0.757037	0.224519	0.216191	-0.190685	-0.178293	-0.147390	0.233234	0.202149	-0.171881	0.236094	0.219145	0.212653	0.171859	0.166388	-0.184250	-0.176054	0.229687	
-0.191223	0.156425	0.148628	0.146278	0.138286	0.209758	0.211748	0.215762	0.218999	-0.139894	-0.139250	-0.142848	-0.135579	-0.131395	-0.136197	-0.135598	0.222229	-0.199410	-0.227178	-0.217943	-0.283191	-0.284488	-0.291248	0.146971	0.153819	0.140503	0.153979	0.220866	0.200461	-0.125092	-0.118807	-0.132986	-0.134254	-0.135474	-0.120220	-0.118833	0.144037	0.189249	-0.287358	-0.119182	-0.122819	-0.183620	0.245131	0.229335	-0.144145	-0.169861	0.223285	0.218277	-0.176157	-0.182321	0.224519	0.762174	0.275278	-0.175417	-0.171499	-0.174929	0.246553	0.215852	-0.209823	0.224249	0.240619	0.223825	0.251302	0.188136	-0.173701	-0.172364	0.227285	
-0.192925	0.170788	0.148142	0.146672	0.148407	0.222155	0.219780	0.225954	0.211169	-0.146225	-0.144655	-0.149439	-0.140594	-0.138728	-0.139031	-0.141172	0.226386	-0.210687	-0.239124	-0.230523	-0.290391	-0.292257	-0.300314	0.147340	0.155392	0.144743	0.160427	0.220892	0.202039	-0.129371	-0.120586	-0.139627	-0.132993	-0.136187	-0.128198	-0.123577	0.154809	0.192520	-0.295470	-0.120771	-0.123410	-0.193100	0.247830	0.259162	-0.152863	-0.173010	0.212593	0.180937	-0.186007	-0.180749	0.216191	0.275278	0.793917	-0.181747	-0.187371	-0.189773	0.245586	0.198875	-0.198743	0.219272	0.248922	0.222466	0.197448	0.188578	-0.188690	-0.169385	0.241498	
0.400155	-0.242859	-0.246615	-0.242927	-0.236762	-0.232849	-0.234555	-0.227184	-0.228420	0.042829	0.041193	0.041574	0.029558	0.024812	0.030345	0.034415	-0.231530	0.414799	0.397420	0.409470	0.304372	0.283153	0.265479	-0.242323	-0.244702	-0.242845	-0.244266	-0.230112	-0.251683	0.021636	0.024674	0.035446	0.038689	0.028844	0.023179	0.021190	-0.236048	-0.249816	0.260311	0.019693	0.026562	0.393732	-0.203418	-0.192563	0.375733	0.398745	-0.187302	-0.182701	0.372172	0.389767	-0.190685	-0.175417	-0.181747	1.003337	0.378497	0.362625	-0.180826	-0.159571	0.350495	-0.155122	-0.184930	-0.175365	-0.166120	-0.173919	0.393731	0.384370	-0.188762	
0.385747	-0.237865	-0.237047	-0.235958	-0.230200	-0.227490	-0.226971	-0.224211	-0.223745	0.041231	0.043729	0.043448	0.035677	0.030420	0.036047	0.039805	-0.224979	0.414093	0.391856	0.408605	0.297518	0.286680	0.261399	-0.235761	-0.236048	-0.236065	-0.238003	-0.225685	-0.244328	0.025746	0.022735	0.038412	0.038682	0.033931	0.029148	0.027301	-0.228896	-0.242940	0.259180	0.025661	0.028446	0.400164	-0.198911	-0.190369	0.357827	0.379554	-0.169393	-0.151079	0.372550	0.374228	-0.178293	-0.171499	-0.187371	0.378497	0.971284	0.378018	-0.185347	-0.154047	0.386714	-0.157501	-0.189395	-0.181350	-0.170670	-0.195562	0.373203	0.370898	-0.186839	
0.358744	-0.229571	-0.232289	-0.230498	-0.225681	-0.223570	-0.219332	-0.221590	-0.218777	0.031667	0.034940	0.031463	0.032740	0.028332	0.029044	0.035182	-0.218703	0.406199	0.383004	0.395958	0.295444	0.274323	0.252886	-0.232133	-0.230828	-0.231729	-0.231743	-0.215710	-0.240101	0.019611	0.019062	0.024214	0.027519	0.022433	0.021106	0.019962	-0.224166	-0.240266	0.241885	0.016177	0.022786	0.379036	-0.183891	-0.171683	0.379564	0.382987	-0.153935	-0.016771	0.354251	0.363776	-0.147390	-0.174929	-0.189773	0.362625	0.378018	0.989567	-0.184191	-0.127296	0.349926	-0.146659	-0.178672	-0.155496	-0.146496	-0.196601	0.377926	0.420045	-0.151636	
-0.187892	0.156925	0.146754	0.147241	0.143646	0.209550	0.211740	0.207407	0.214808	-0.140432	-0.141452	-0.143683	-0.138532	-0.128214	-0.135296	-0.142835	0.212907	-0.200650	-0.226952	-0.218469	-0.281914	-0.283121	-0.288204	0.142058	0.152935	0.142041	0.150126	0.223168	0.195083	-0.126564	-0.124022	-0.134713	-0.131532	-0.132332	-0.119630	-0.120746	0.141651	0.189005	-0.285906	-0.115734	-0.122637	-0.192300	0.241016	0.232748	-0.160136	-0.160548	0.215358	0.208044	-0.167147	-0.182519	0.233234	0.246553	0.245586	-0.180826	-0.185347	-0.184191	0.785884	0.212831	-0.181531	0.226863	0.239481	0.218837	0.229884	0.201692	-0.182931	-0.173838	0.229822	
-0.183688	0.142980	0.136100	0.128276	0.132294	0.191112	0.183468	0.193518	0.190032	-0.132259	-0.129305	-0.130526	-0.123479	-0.125396	-0.134258	-0.132122	0.193492	-0.188245	-0.213617	-0.208151	-0.264803	-0.268904	-0.270727	0.135351	0.143018	0.133264	0.139281	0.205826	0.176584	-0.116014	-0.107054	-0.125768	-0.120277	-0.121989	-0.114320	-0.111231	0.138151	0.175955	-0.267466	-0.105701	-0.114272	-0.171228	0.231181	0.213543	-0.129320	-0.123047	0.218850	0.223281	-0.131759	-0.161541	0.202149	0.215852	0.198875	-0.159571	-0.154047	-0.127296	0.212831	0.699742	-0.175387	0.227822	0.221642	0.220572	0.211595	0.196414	-0.147196	-0.140204	0.220374	
0.389276	-0.248643	-0.249690	-0.246997	-0.237709	-0.231971	-0.230017	-0.230724	-0.230524	0.034905	0.037396	0.042285	0.030220	0.023172	0.029404	0.042803	-0.229840	0.433091	0.423563	0.428924	0.311183	0.297526	0.276199	-0.246307	-0.249959	-0.248207	-0.247704	-0.231651	-0.253551	0.020298	0.016066	0.030939	0.032365	0.024845	0.020390	0.023837	-0.242459	-0.252959	0.266863	0.017178	0.025288	0.388879	-0.206518	-0.200969	0.351465	0.360944	-0.187047	-0.168224	0.356099	0.412592	-0.171881	-0.209823	-0.198743	0.350495	0.386714	0.349926	-0.181531	-0.175387	1.052201	-0.188874	-0.204940	-0.184999	-0.192549	-0.134541	0.368778	0.328529	-0.188871	
-0.181860	0.151206	0.138203	0.137238	0.135009	0.203195	0.201678	0.205850	0.206845	-0.136922	-0.130324	-0.133839	-0.130065	-0.123119	-0.128030	-0.132657	0.207894	-0.190057	-0.215568	-0.205462	-0.267507	-0.272300	-0.276459	0.136765	0.141406	0.140225	0.138546	0.213933	0.183645	-0.119559	-0.112143	-0.126108	-0.122456	-0.122371	-0.111585	-0.112607	0.140330	0.178296	-0.271816	-0.107722	-0.112258	-0.174263	0.235097	0.222853	-0.137733	-0.140377	0.223318	0.211107	-0.142519	-0.166486	0.236094	0.224249	0.219272	-0.155122	-0.157501	-0.146659	0.226863	0.227822	-0.188874	0.731495	0.231160	0.213137	0.239097	0.181589	-0.159485	-0.147851	0.231171	
-0.195950	0.162721	0.153417	0.148847	0.147833	0.217244	0.217804	0.215471	0.216806	-0.143591	-0.141743	-0.147479	-0.139743	-0.134579	-0.140070	-0.141046	0.219970	-0.206834	-0.230901	-0.224033	-0.285742	-0.288849	-0.294326	0.146674	0.156229	0.148894	0.158292	0.224521	0.198551	-0.131234	-0.125879	-0.139412	-0.134270	-0.133292	-0.119552	-0.123245	0.148266	0.193906	-0.290232	-0.120354	-0.125751	-0.197229	0.253650	0.244549	-0.177110	-0.174951	0.233751	0.220714	-0.169312	-0.184358	0.219145	0.240619	0.248922	-0.184930	-0.189395	-0.178672	0.239481	0.221642	-0.204940	0.231160	0.790650	0.208978	0.239737	0.204397	-0.182016	-0.169269	0.256958	
-0.186856	0.157604	0.146157	0.146759	0.148815	0.204855	0.198076	0.202971	0.207085	-0.140635	-0.135994	-0.144113	-0.135842	-0.133630	-0.131939	-0.136543	0.204532	-0.205614	-0.225318	-0.219887	-0.282178	-0.281155	-0.284281	0.146228	0.152282	0.145340	0.149629	0.219418	0.192014	-0.124935	-0.119275	-0.131772	-0.123535	-0.129748	-0.118991	-0.124958	0.146640	0.188656	-0.282347	-0.113957	-0.119414	-0.187803	0.241627	0.221095	-0.157540	-0.191166	0.219650	0.203205	-0.175455	-0.184296	0.212653	0.223825	0.222466	-0.175365	-0.181350	-0.155496	0.218837	0.220572	-0.184999	0.213137	0.208978	0.767657	0.214155	0.175809	-0.186020	-0.152271	0.227034	
