1.004321	-0.221972	-0.219880	-0.220419	-0.214909	-0.203773	-0.201251	-0.203080	-0.202909	0.019095	0.018924	0.019032	0.008951	0.018900	0.007767	0.019905	-0.201532	0.537599	0.407107	0.473876	0.273631	0.264906	0.221697	-0.225961	-0.222332	-0.218239	-0.222245	-0.207288	-0.224663	-0.003842	-0.010438	0.009557	0.010359	0.005800	0.001962	0.004219	-0.215606	-0.226874	0.212902	-0.004340	0.009534	0.375532	-0.208914	-0.199144	0.392438	0.550974	-0.184104	-0.145676	0.377530	0.397898	-0.169422	-0.193590	-0.216192	0.341294	0.410672	0.349869	-0.189541	-0.153731	0.366310	-0.201327	-0.183519	-0.156750	-0.213374	-0.261166	0.289659	0.373314	-0.198888	
-0.221972	0.896828	0.208648	0.208675	0.206498	0.150808	0.150873	0.151001	0.149565	-0.128584	-0.128028	-0.131277	-0.123594	-0.117399	-0.121499	-0.126725	0.152360	-0.225878	-0.250051	-0.241967	-0.300158	-0.303540	-0.308668	0.202706	0.209809	0.201444	0.207408	0.156556	0.215860	-0.114624	-0.113979	-0.127066	-0.125370	-0.122299	-0.107925	-0.109062	0.209172	0.222872	-0.306659	-0.104849	-0.116290	-0.239996	0.169659	0.162472	-0.234003	-0.242973	0.150979	0.152169	-0.224622	-0.235925	0.154190	0.156549	0.169232	-0.242632	-0.237525	-0.229056	0.156593	0.142890	-0.248855	0.150530	0.162717	0.157439	0.155858	0.207510	-0.243721	-0.233685	0.162157	
-0.219880	0.208648	0.891000	0.212773	0.205064	0.120986	0.121885	0.122204	0.126910	-0.123000	-0.124461	-0.127338	-0.120680	-0.116878	-0.119835	-0.125080	0.129400	-0.226331	-0.249883	-0.241423	-0.298629	-0.302000	-0.307160	0.271773	0.211118	0.238929	0.225240	0.136378	0.214872	-0.115414	-0.111073	-0.124329	-0.122802	-0.120783	-0.110419	-0.106917	0.208092	0.219403	-0.305473	-0.098202	-0.115363	-0.240643	0.160300	0.152716	-0.236806	-0.241997	0.144016	0.138935	-0.225621	-0.237607	0.146074	0.148885	0.148221	-0.246401	-0.237327	-0.232547	0.147026	0.134504	-0.248995	0.138488	0.152533	0.145385	0.145428	0.198171	-0.243374	-0.239697	0.150011	
-0.220419	0.208675	0.212773	0.901622	0.243267	0.118662	0.119883	0.120919	0.124614	-0.123754	-0.124277	-0.129114	-0.122575	-0.113922	-0.116542	-0.122477	0.128219	-0.224220	-0.247463	-0.239132	-0.293661	-0.295817	-0.301488	0.212946	0.211265	0.205847	0.210654	0.135331	0.216883	-0.112264	-0.110006	-0.122491	-0.119646	-0.113350	-0.107891	-0.108992	0.213792	0.223481	-0.299222	-0.100331	-0.109591	-0.238151	0.158432	0.148877	-0.233281	-0.240499	0.146637	0.138260	-0.221922	-0.234496	0.143225	0.145387	0.145172	-0.243257	-0.235815	-0.231387	0.147055	0.128625	-0.247155	0.136796	0.148355	0.147099	0.141979	0.204458	-0.236848	-0.232760	0.149590	
-0.214909	0.206498	0.205064	0.243267	0.892062	0.115411	0.115067	0.116987	0.120499	-0.118926	-0.122078	-0.122034	-0.116613	-0.115046	-0.113186	-0.119967	0.122739	-0.220363	-0.242642	-0.234981	-0.289180	-0.291415	-0.296381	0.199710	0.209789	0.199302	0.205331	0.130713	0.209817	-0.106909	-0.106570	-0.118407	-0.117886	-0.111756	-0.102494	-0.101565	0.204905	0.217643	-0.294578	-0.094804	-0.107722	-0.234686	0.155498	0.145527	-0.224867	-0.233229	0.145761	0.135606	-0.218742	-0.228344	0.143445	0.137176	0.149026	-0.237040	-0.229456	-0.224671	0.141274	0.131123	-0.238110	0.135116	0.146755	0.148311	0.143492	0.195370	-0.234974	-0.236021	0.145551	
-0.203773	0.150808	0.120986	0.118662	0.115411	1.040316	0.477654	0.425070	0.382968	-0.167821	-0.167258	-0.172922	-0.166065	-0.160589	-0.164070	-0.168135	0.378821	-0.205882	-0.236387	-0.225240	-0.295917	-0.299829	-0.306308	0.119847	0.122672	0.117899	0.126778	0.348845	0.173337	-0.160370	-0.155632	-0.166680	-0.166502	-0.162845	-0.153266	-0.153461	0.113043	0.152149	-0.306464	-0.147479	-0.159685	-0.226092	0.229611	0.223817	-0.225292	-0.229636	0.208572	0.201188	-0.212854	-0.220852	0.208252	0.208915	0.219992	-0.233776	-0.227288	-0.223066	0.209135	0.191149	-0.232405	0.202992	0.216658	0.204109	0.211352	0.134497	-0.234630	-0.237183	0.214445	
-0.201251	0.150873	0.121885	0.119883	0.115067	0.477654	1.012768	0.417239	0.378170	-0.166268	-0.165584	-0.170890	-0.165137	-0.158489	-0.162556	-0.165751	0.374140	-0.203708	-0.234228	-0.222762	-0.293673	-0.298020	-0.304676	0.120290	0.123262	0.117957	0.127341	0.345575	0.173304	-0.157748	-0.154371	-0.164342	-0.163807	-0.161135	-0.151793	-0.152460	0.114048	0.153768	-0.304894	-0.146075	-0.158724	-0.223618	0.228509	0.221519	-0.224407	-0.230068	0.206057	0.197395	-0.211861	-0.219135	0.209378	0.211103	0.220850	-0.235232	-0.226920	-0.219349	0.211187	0.183943	-0.230305	0.199954	0.217414	0.198665	0.204697	0.127919	-0.232125	-0.234003	0.217326	
-0.203080	0.151001	0.122204	0.120919	0.116987	0.425070	0.417239	0.991497	0.380191	-0.164687	-0.164292	-0.168777	-0.163147	-0.156420	-0.160723	-0.164688	0.375383	-0.201775	-0.232521	-0.220740	-0.291487	-0.295888	-0.302338	0.121657	0.126951	0.120999	0.128962	0.349964	0.176007	-0.156704	-0.152601	-0.162367	-0.162898	-0.158452	-0.149523	-0.149828	0.116173	0.155648	-0.302602	-0.144243	-0.156516	-0.221549	0.230430	0.227824	-0.219965	-0.223219	0.211621	0.198707	-0.209531	-0.218526	0.208605	0.214038	0.226369	-0.227522	-0.223748	-0.221464	0.206907	0.194424	-0.230531	0.205307	0.214703	0.202012	0.204110	0.134353	-0.230519	-0.229612	0.215441	
-0.202909	0.149565	0.126910	0.124614	0.120499	0.382968	0.378170	0.380191	0.976682	-0.162132	-0.162528	-0.167198	-0.161098	-0.154426	-0.158801	-0.162403	0.384726	-0.201856	-0.231937	-0.220681	-0.291625	-0.295957	-0.302513	0.124868	0.130294	0.123198	0.132924	0.356022	0.178410	-0.153943	-0.150325	-0.160294	-0.159835	-0.156761	-0.147591	-0.148599	0.118801	0.159653	-0.302594	-0.142083	-0.154080	-0.221686	0.229672	0.224306	-0.223569	-0.226753	0.202161	0.202159	-0.208560	-0.216450	0.219698	0.217463	0.212530	-0.228519	-0.223795	-0.218886	0.213783	0.188966	-0.230214	0.205720	0.216989	0.207587	0.203107	0.136766	-0.227468	-0.234092	0.222257	
0.019095	-0.128584	-0.123000	-0.123754	-0.118926	-0.167821	-0.166268	-0.164687	-0.162132	1.019373	0.072047	0.064723	0.065237	0.057704	0.058276	0.060190	-0.162165	0.032394	0.051513	0.040917	0.099283	0.106899	0.116190	-0.126162	-0.122281	-0.129748	-0.132357	-0.159053	-0.138543	0.057766	0.056784	0.057104	0.056896	0.047836	0.043769	0.049050	-0.118136	-0.134662	0.118009	0.051616	0.050486	0.035728	-0.148445	-0.146077	0.042345	0.040374	-0.131016	-0.131503	0.029617	0.033623	-0.139596	-0.141420	-0.146738	0.042743	0.042926	0.032288	-0.141975	-0.133311	0.035335	-0.136857	-0.143857	-0.142086	-0.139854	-0.134191	0.045176	0.044919	-0.142667	
0.018924	-0.128028	-0.124461	-0.124277	-0.122078	-0.167258	-0.165584	-0.164292	-0.162528	0.072047	1.019741	0.067939	0.067636	0.053353	0.062542	0.065865	-0.161997	0.029570	0.049424	0.039782	0.101079	0.106381	0.114513	-0.125623	-0.126941	-0.127391	-0.129110	-0.159624	-0.137263	0.062325	0.052566	0.055869	0.056838	0.060420	0.044025	0.041364	-0.120142	-0.135648	0.118718	0.040927	0.053920	0.033368	-0.145535	-0.143224	0.034467	0.036986	-0.137534	-0.127590	0.027195	0.034407	-0.135309	-0.139606	-0.143357	0.041926	0.044425	0.036016	-0.142044	-0.129144	0.038086	-0.131915	-0.141900	-0.137083	-0.137487	-0.130257	0.041776	0.038992	-0.139430	
0.019032	-0.131277	-0.127338	-0.129114	-0.122034	-0.172922	-0.170890	-0.168777	-0.167198	0.064723	0.067939	1.019839	0.067357	0.061561	0.062178	0.058512	-0.166350	0.028783	0.050170	0.039677	0.105810	0.112001	0.126746	-0.128435	-0.129348	-0.130697	-0.136592	-0.165415	-0.143003	0.055867	0.060014	0.065381	0.057012	0.064104	0.053738	0.053060	-0.123969	-0.139859	0.128971	0.048005	0.058945	0.031379	-0.151059	-0.147745	0.041088	0.043771	-0.137136	-0.132273	0.030166	0.034250	-0.140853	-0.143351	-0.150203	0.040714	0.043841	0.033946	-0.144575	-0.131898	0.040508	-0.134575	-0.148546	-0.144371	-0.145287	-0.135679	0.040369	0.051316	-0.142650	
0.008951	-0.123594	-0.120680	-0.122575	-0.116613	-0.166065	-0.165137	-0.163147	-0.161098	0.065237	0.067636	0.067357	1.009774	0.060239	0.058908	0.057879	-0.161432	0.021044	0.042920	0.032377	0.095402	0.098179	0.109106	-0.125327	-0.121078	-0.126927	-0.128608	-0.159332	-0.135467	0.053794	0.054829	0.060136	0.060118	0.063835	0.054686	0.051490	-0.116848	-0.132554	0.116028	0.044124	0.057870	0.028258	-0.142410	-0.141924	0.035961	0.028148	-0.128650	-0.126048	0.024131	0.027611	-0.135307	-0.135497	-0.140192	0.030659	0.037365	0.033025	-0.139363	-0.125503	0.031785	-0.129895	-0.139869	-0.137621	-0.133914	-0.132480	0.032858	0.030382	-0.134517	
0.018900	-0.117399	-0.116878	-0.113922	-0.115046	-0.160589	-0.158489	-0.156420	-0.154426	0.057704	0.053353	0.061561	0.060239	1.014604	0.054694	0.057774	-0.154592	0.018802	0.036924	0.028397	0.083658	0.093690	0.103951	-0.116099	-0.117689	-0.116292	-0.121111	-0.151949	-0.128065	0.046786	0.047529	0.059282	0.059086	0.056404	0.051641	0.052610	-0.110658	-0.124653	0.106423	0.040091	0.046204	0.021476	-0.137358	-0.138864	0.027738	0.037358	-0.132065	-0.120530	0.016674	0.020982	-0.126140	-0.131761	-0.138105	0.026223	0.031356	0.030580	-0.127372	-0.126121	0.025564	-0.122237	-0.134500	-0.134636	-0.125223	-0.123778	0.028560	0.023838	-0.131685	
0.007767	-0.121499	-0.119835	-0.116542	-0.113186	-0.164070	-0.162556	-0.160723	-0.158801	0.058276	0.062542	0.062178	0.058908	0.054694	1.022963	0.057822	-0.157430	0.022568	0.041233	0.032191	0.094364	0.102704	0.111413	-0.121106	-0.120009	-0.121442	-0.124694	-0.155558	-0.131458	0.056980	0.045218	0.058902	0.052184	0.050831	0.045129	0.045150	-0.109760	-0.128434	0.116735	0.040129	0.051504	0.026227	-0.141998	-0.144806	0.033618	0.028019	-0.129647	-0.125937	0.020744	0.026160	-0.133946	-0.137047	-0.141322	0.032049	0.036496	0.030879	-0.135015	-0.135022	0.030583	-0.128505	-0.140626	-0.134284	-0.135676	-0.128501	0.035069	0.033288	-0.136428	
0.019905	-0.126725	-0.125080	-0.122477	-0.119967	-0.168135	-0.165751	-0.164688	-0.162403	0.060190	0.065865	0.058512	0.057879	0.057774	0.057822	1.023817	-0.162239	0.027606	0.049153	0.037087	0.102003	0.101773	0.115696	-0.122683	-0.126682	-0.125519	-0.128064	-0.160261	-0.136844	0.056956	0.058896	0.056359	0.065878	0.062463	0.046524	0.046763	-0.120205	-0.131575	0.117603	0.045186	0.052643	0.032450	-0.145080	-0.142618	0.039698	0.030916	-0.137702	-0.129655	0.031288	0.031914	-0.140200	-0.136640	-0.144035	0.034693	0.040553	0.034659	-0.142400	-0.131711	0.043180	-0.132102	-0.141522	-0.137745	-0.133002	-0.127668	0.040879	0.046154	-0.139959	
-0.201532	0.152360	0.129400	0.128219	0.122739	0.378821	0.374140	0.375383	0.384726	-0.162165	-0.161997	-0.166350	-0.161432	-0.154592	-0.157430	-0.162239	0.968822	-0.202250	-0.233041	-0.221800	-0.292026	-0.296100	-0.302602	0.127624	0.131717	0.125676	0.134617	0.356427	0.183501	-0.153806	-0.150113	-0.160052	-0.160875	-0.156756	-0.147060	-0.147713	0.122738	0.163172	-0.302998	-0.141626	-0.152893	-0.222155	0.233537	0.225722	-0.222378	-0.225022	0.217146	0.206308	-0.211483	-0.217212	0.220729	0.220276	0.225338	-0.231359	-0.225381	-0.219491	0.213402	0.191949	-0.229863	0.207671	0.220564	0.203842	0.209962	0.142817	-0.230275	-0.233520	0.219229	
0.537599	-0.225878	-0.226331	-0.224220	-0.220363	-0.205882	-0.203708	-0.201775	-0.201856	0.032394	0.029570	0.028783	0.021044	0.018802	0.022568	0.027606	-0.202250	1.101898	0.479946	0.536158	0.313492	0.295102	0.260895	-0.224677	-0.223590	-0.224735	-0.225702	-0.203818	-0.229575	0.014572	0.012684	0.023024	0.020590	0.018363	0.013097	0.012227	-0.221154	-0.230788	0.244848	0.012120	0.015911	0.463012	-0.207055	-0.205896	0.413816	0.421035	-0.191920	-0.190028	0.413488	0.428253	-0.200530	-0.198492	-0.209931	0.416601	0.416790	0.409113	-0.200498	-0.188520	0.435579	-0.189883	-0.206331	-0.205931	-0.195799	-0.226190	0.407782	0.403017	-0.202268	
0.407107	-0.250051	-0.249883	-0.247463	-0.242642	-0.236387	-0.234228	-0.232521	-0.231937	0.051513	0.049424	0.050170	0.042920	0.036924	0.041233	0.049153	-0.233041	0.479946	1.114811	0.482489	0.357405	0.343476	0.313232	-0.248306	-0.246977	-0.247715	-0.249655	-0.234329	-0.257894	0.034717	0.030852	0.041220	0.043686	0.037329	0.031515	0.030599	-0.242795	-0.257526	0.305971	0.030399	0.036272	0.420821	-0.235514	-0.233005	0.393567	0.392303	-0.220376	-0.215517	0.381373	0.398979	-0.225471	-0.226675	-0.239914	0.401723	0.394414	0.385694	-0.226688	-0.215419	0.423545	-0.215710	-0.230978	-0.223742	-0.223977	-0.247490	0.391862	0.377623	-0.226731	
0.473876	-0.241967	-0.241423	-0.239132	-0.234981	-0.225240	-0.222762	-0.220740	-0.220681	0.040917	0.039782	0.039677	0.032377	0.028397	0.032191	0.037087	-0.221800	0.536158	0.482489	1.143231	0.338882	0.323887	0.289152	-0.240050	-0.238961	-0.239537	-0.241623	-0.222757	-0.247341	0.024128	0.020784	0.030402	0.029706	0.027279	0.020224	0.020429	-0.236782	-0.247687	0.277500	0.018851	0.023393	0.453856	-0.225059	-0.224466	0.405643	0.416621	-0.210564	-0.207857	0.408840	0.420716	-0.214024	-0.218561	-0.229555	0.413100	0.410435	0.397865	-0.217629	-0.207919	0.430539	-0.205466	-0.223487	-0.219052	-0.214879	-0.238587	0.402766	0.398985	-0.217906	
0.273631	-0.300158	-0.298629	-0.293661	-0.289180	-0.295917	-0.293673	-0.291487	-0.291625	0.099283	0.101079	0.105810	0.095402	0.083658	0.094364	0.102003	-0.292026	0.313492	0.357405	0.338882	1.220819	0.463688	0.455432	-0.295739	-0.295075	-0.296057	-0.299446	-0.293099	-0.314499	0.080337	0.080828	0.094975	0.094349	0.090106	0.078368	0.079216	-0.291023	-0.314642	0.446908	0.071029	0.083212	0.301274	-0.293158	-0.288635	0.285696	0.288214	-0.276523	-0.268006	0.273141	0.293315	-0.277306	-0.282667	-0.290250	0.305732	0.299426	0.293269	-0.281688	-0.265471	0.312210	-0.268042	-0.286281	-0.279619	-0.280188	-0.306257	0.297365	0.288423	-0.283178	
0.264906	-0.303540	-0.302000	-0.295817	-0.291415	-0.299829	-0.298020	-0.295888	-0.295957	0.106899	0.106381	0.112001	0.098179	0.093690	0.102704	0.101773	-0.296100	0.295102	0.343476	0.323887	0.463688	1.221500	0.468312	-0.298236	-0.298237	-0.299616	-0.302086	-0.297218	-0.318374	0.087345	0.084938	0.101051	0.099915	0.094442	0.082645	0.081727	-0.294394	-0.319317	0.465323	0.075292	0.088051	0.293670	-0.296235	-0.292082	0.276198	0.278346	-0.279694	-0.271731	0.259675	0.285556	-0.283706	-0.285044	-0.292911	0.285397	0.287873	0.274640	-0.283803	-0.269094	0.300767	-0.272264	-0.288969	-0.281309	-0.279377	-0.306269	0.289859	0.280952	-0.287630	
0.221697	-0.308668	-0.307160	-0.301488	-0.296381	-0.306308	-0.304676	-0.302338	-0.302513	0.116190	0.114513	0.126746	0.109106	0.103951	0.111413	0.115696	-0.302602	0.260895	0.313232	0.289152	0.455432	0.468312	1.239046	-0.302824	-0.302331	-0.303579	-0.307464	-0.304088	-0.324711	0.098829	0.092961	0.113283	0.112472	0.105734	0.095010	0.093907	-0.297911	-0.325548	0.490298	0.084833	0.100282	0.262713	-0.303064	-0.297515	0.253814	0.251426	-0.281484	-0.277673	0.241185	0.254900	-0.288993	-0.290421	-0.299989	0.267601	0.263579	0.253976	-0.287668	-0.271190	0.278605	-0.276880	-0.295095	-0.284850	-0.288786	-0.312296	0.267355	0.255069	-0.293182	
-0.225961	0.202706	0.271773	0.212946	0.199710	0.119847	0.120290	0.121657	0.124868	-0.126162	-0.125623	-0.128435	-0.125327	-0.116099	-0.121106	-0.122683	0.127624	-0.224677	-0.248306	-0.240050	-0.295739	-0.298236	-0.302824	0.900395	0.217501	0.250143	0.217160	0.135775	0.211023	-0.115287	-0.110721	-0.124238	-0.123210	-0.120417	-0.108384	-0.110482	0.206946	0.215063	-0.302645	-0.099253	-0.114890	-0.238830	0.158803	0.154637	-0.233303	-0.234122	0.142101	0.140597	-0.221262	-0.234304	0.141122	0.145367	0.146431	-0.241579	-0.235474	-0.231204	0.141740	0.133057	-0.246417	0.136991	0.146023	0.143861	0.147977	0.196458	-0.242564	-0.240790	0.150610	
-0.222332	0.209809	0.211118	0.211265	0.209789	0.122672	0.123262	0.126951	0.130294	-0.122281	-0.126941	-0.129348	-0.121078	-0.117689	-0.120009	-0.126682	0.131717	-0.223590	-0.246977	-0.238961	-0.295075	-0.298237	-0.302331	0.217501	0.891927	0.219211	0.231374	0.140301	0.215289	-0.112099	-0.110148	-0.122003	-0.116302	-0.116450	-0.108228	-0.106189	0.209134	0.222268	-0.301570	-0.100270	-0.113945	-0.237006	0.164191	0.160044	-0.233384	-0.236933	0.151931	0.145370	-0.221885	-0.235254	0.141498	0.153845	0.153062	-0.243610	-0.236191	-0.230511	0.151334	0.142897	-0.249862	0.140944	0.155159	0.150599	0.153484	0.201741	-0.241209	-0.240077	0.152472	
-0.218239	0.201444	0.238929	0.205847	0.199302	0.117899	0.117957	0.120999	0.123198	-0.129748	-0.127391	-0.130697	-0.126927	-0.116292	-0.121442	-0.125519	0.125676	-0.224735	-0.247715	-0.239537	-0.296057	-0.299616	-0.303579	0.250143	0.219211	0.902054	0.305465	0.134059	0.208587	-0.119648	-0.112530	-0.123612	-0.123412	-0.120414	-0.108444	-0.113866	0.200713	0.212339	-0.301882	-0.102794	-0.116551	-0.237879	0.155658	0.152667	-0.235336	-0.238155	0.142285	0.137222	-0.221405	-0.235781	0.141169	0.140447	0.144957	-0.244925	-0.236099	-0.230572	0.141653	0.133300	-0.248274	0.138420	0.148750	0.143445	0.145038	0.198778	-0.238103	-0.238830	0.149730	
-0.222245	0.207408	0.225240	0.210654	0.205331	0.126778	0.127341	0.128962	0.132924	-0.132357	-0.129110	-0.136592	-0.128608	-0.121111	-0.124694	-0.128064	0.134617	-0.225702	-0.249655	-0.241623	-0.299446	-0.302086	-0.307464	0.217160	0.231374	0.305465	0.900806	0.143245	0.216708	-0.116088	-0.115774	-0.126563	-0.127749	-0.121176	-0.110830	-0.113539	0.204843	0.220179	-0.305856	-0.106315	-0.120130	-0.240737	0.165405	0.158174	-0.233600	-0.239463	0.147013	0.146499	-0.225486	-0.237807	0.156835	0.152961	0.159622	-0.244287	-0.238109	-0.231433	0.149426	0.139418	-0.246579	0.139389	0.157869	0.149546	0.150395	0.200656	-0.243571	-0.240104	0.156125	
-0.207288	0.156556	0.136378	0.135331	0.130713	0.348845	0.345575	0.349964	0.356022	-0.159053	-0.159624	-0.165415	-0.159332	-0.151949	-0.155558	-0.160261	0.356427	-0.203818	-0.234329	-0.222757	-0.293099	-0.297218	-0.304088	0.135775	0.140301	0.134059	0.143245	0.962439	0.194229	-0.151268	-0.147378	-0.157245	-0.158523	-0.154355	-0.144490	-0.145264	0.130793	0.171628	-0.304123	-0.138369	-0.151775	-0.225013	0.238565	0.232635	-0.226120	-0.228479	0.214371	0.212317	-0.210635	-0.219191	0.223265	0.222918	0.219797	-0.231068	-0.225452	-0.215432	0.222489	0.205245	-0.232198	0.212830	0.224353	0.218858	0.208575	0.144859	-0.233270	-0.225996	0.224704	
-0.224663	0.215860	0.214872	0.216883	0.209817	0.173337	0.173304	0.176007	0.178410	-0.138543	-0.137263	-0.143003	-0.135467	-0.128065	-0.131458	-0.136844	0.183501	-0.229575	-0.257894	-0.247341	-0.314499	-0.318374	-0.324711	0.211023	0.215289	0.208587	0.216708	0.194229	0.843583	-0.127232	-0.121926	-0.134594	-0.134599	-0.131493	-0.118314	-0.118432	0.216092	0.273693	-0.323266	-0.111574	-0.127913	-0.246629	0.208380	0.202346	-0.243715	-0.244533	0.194015	0.182115	-0.229617	-0.241356	0.186674	0.198727	0.202139	-0.252238	-0.244324	-0.239037	0.195678	0.176195	-0.253621	0.182724	0.197945	0.192555	0.193400	0.220172	-0.249511	-0.246365	0.199550	
-0.003842	-0.114624	-0.115414	-0.112264	-0.106909	-0.160370	-0.157748	-0.156704	-0.153943	0.057766	0.062325	0.055867	0.053794	0.046786	0.056980	0.056956	-0.153806	0.014572	0.034717	0.024128	0.080337	0.087345	0.098829	-0.115287	-0.112099	-0.119648	-0.116088	-0.151268	-0.127232	1.004069	0.044496	0.060769	0.070083	0.054984	0.042366	0.052239	-0.108297	-0.120458	0.103571	0.040189	0.055570	0.018811	-0.134748	-0.131155	0.023090	0.029149	-0.119651	-0.116896	0.015763	0.022168	-0.123669	-0.125639	-0.128682	0.021248	0.026555	0.021362	-0.127313	-0.115858	0.021194	-0.119189	-0.131288	-0.125787	-0.125622	-0.113712	0.027034	0.028758	-0.130530	
-0.010438	-0.113979	-0.111073	-0.110006	-0.106570	-0.155632	-0.154371	-0.152601	-0.150325	0.056784	0.052566	0.060014	0.054829	0.047529	0.045218	0.058896	-0.150113	0.012684	0.030852	0.020784	0.080828	0.084938	0.092961	-0.110721	-0.110148	-0.112530	-0.115774	-0.147378	-0.121926	0.044496	1.002491	0.059429	0.053012	0.054021	0.041732	0.044372	-0.103307	-0.117738	0.096572	0.046422	0.058761	0.014789	-0.129242	-0.127723	0.015998	0.026359	-0.121658	-0.114508	0.010137	0.017446	-0.120506	-0.119090	-0.120403	0.024674	0.022866	0.020992	-0.123142	-0.107308	0.016662	-0.112668	-0.126204	-0.119400	-0.120977	-0.114190	0.022778	0.030539	-0.124372	
0.009557	-0.127066	-0.124329	-0.122491	-0.118407	-0.166680	-0.164342	-0.162367	-0.160294	0.057104	0.055869	0.065381	0.060136	0.059282	0.058902	0.056359	-0.160052	0.023024	0.041220	0.030402	0.094975	0.101051	0.113283	-0.124238	-0.122003	-0.123612	-0.126563	-0.157245	-0.134594	0.060769	0.059429	1.012490	0.057100	0.061857	0.055615	0.054620	-0.116968	-0.131510	0.117365	0.046865	0.055355	0.028798	-0.142123	-0.140001	0.028319	0.026543	-0.129433	-0.122857	0.022921	0.025889	-0.130166	-0.133941	-0.139793	0.036700	0.038674	0.024451	-0.134555	-0.125864	0.031988	-0.126218	-0.140440	-0.132069	-0.133495	-0.127210	0.041783	0.036243	-0.136933	
0.010359	-0.125370	-0.122802	-0.119646	-0.117886	-0.166502	-0.163807	-0.162898	-0.159835	0.056896	0.056838	0.057012	0.060118	0.059086	0.052184	0.065878	-0.160875	0.020590	0.043686	0.029706	0.094349	0.099915	0.112472	-0.123210	-0.116302	-0.123412	-0.127749	-0.158523	-0.134599	0.070083	0.053012	0.057100	1.008250	0.064774	0.055581	0.058962	-0.115302	-0.131121	0.112628	0.040399	0.053853	0.028109	-0.139711	-0.137014	0.033087	0.028875	-0.127627	-0.116457	0.021525	0.028484	-0.131211	-0.135006	-0.132799	0.039075	0.039041	0.028912	-0.130899	-0.120532	0.032457	-0.123206	-0.133860	-0.123898	-0.131643	-0.123711	0.039587	0.050058	-0.134990	
0.005800	-0.122299	-0.120783	-0.113350	-0.111756	-0.162845	-0.161135	-0.158452	-0.156761	0.047836	0.060420	0.064104	0.063835	0.056404	0.050831	0.062463	-0.156756	0.018363	0.037329	0.027279	0.090106	0.094442	0.105734	-0.120417	-0.116450	-0.120414	-0.121176	-0.154355	-0.131493	0.054984	0.054021	0.061857	0.064774	1.009183	0.053371	0.040329	-0.110154	-0.127670	0.112149	0.036732	0.056322	0.024097	-0.139578	-0.136800	0.025968	0.020630	-0.123747	-0.125530	0.021875	0.021875	-0.131997	-0.134515	-0.134935	0.030482	0.034371	0.023188	-0.132533	-0.123253	0.026884	-0.122449	-0.132719	-0.130008	-0.125807	-0.125691	0.033627	0.036886	-0.135278	
0.001962	-0.107925	-0.110419	-0.107891	-0.102494	-0.153266	-0.151793	-0.149523	-0.147591	0.043769	0.044025	0.053738	0.054686	0.051641	0.045129	0.046524	-0.147060	0.013097	0.031515	0.020224	0.078368	0.082645	0.095010	-0.108384	-0.108228	-0.108444	-0.110830	-0.144490	-0.118314	0.042366	0.041732	0.055615	0.055581	0.053371	1.003164	0.046542	-0.100742	-0.114375	0.094846	0.036197	0.054850	0.015227	-0.125503	-0.123444	0.022899	0.024084	-0.112641	-0.111645	0.011053	0.016857	-0.115317	-0.119564	-0.128622	0.024505	0.030737	0.023209	-0.119934	-0.114630	0.021851	-0.111839	-0.119624	-0.118880	-0.114656	-0.112562	0.026280	0.028110	-0.121223	
0.004219	-0.109062	-0.106917	-0.108992	-0.101565	-0.153461	-0.152460	-0.149828	-0.148599	0.049050	0.041364	0.053060	0.051490	0.052610	0.045150	0.046763	-0.147713	0.012227	0.030599	0.020429	0.079216	0.081727	0.093907	-0.110482	-0.106189	-0.113866	-0.113539	-0.145264	-0.118432	0.052239	0.044372	0.054620	0.058962	0.040329	0.046542	1.003142	-0.100277	-0.113896	0.096315	0.044654	0.055893	0.016778	-0.127559	-0.123627	0.018864	0.022836	-0.115496	-0.109229	0.010357	0.017550	-0.123711	-0.118597	-0.124217	0.022805	0.027882	0.020361	-0.120297	-0.112491	0.024537	-0.113615	-0.123949	-0.126358	-0.121649	-0.110347	0.023813	0.017932	-0.124099	
-0.215606	0.209172	0.208092	0.213792	0.204905	0.113043	0.114048	0.116173	0.118801	-0.118136	-0.120142	-0.123969	-0.116848	-0.110658	-0.109760	-0.120205	0.122738	-0.221154	-0.242795	-0.236782	-0.291023	-0.294394	-0.297911	0.206946	0.209134	0.200713	0.204843	0.130793	0.216092	-0.108297	-0.103307	-0.116968	-0.115302	-0.110154	-0.100742	-0.100277	0.877749	0.228187	-0.293668	-0.090042	-0.105798	-0.233745	0.160098	0.152944	-0.227518	-0.231710	0.145690	0.140019	-0.216978	-0.230921	0.137082	0.144154	0.152699	-0.235663	-0.228726	-0.224140	0.139913	0.137170	-0.242179	0.140703	0.148527	0.146921	0.149684	0.192943	-0.238928	-0.228397	0.150853	
-0.226874	0.222872	0.219403	0.223481	0.217643	0.152149	0.153768	0.155648	0.159653	-0.134662	-0.135648	-0.139859	-0.132554	-0.124653	-0.128434	-0.131575	0.163172	-0.230788	-0.257526	-0.247687	-0.314642	-0.319317	-0.325548	0.215063	0.222268	0.212339	0.220179	0.171628	0.273693	-0.120458	-0.117738	-0.131510	-0.131121	-0.127670	-0.114375	-0.113896	0.228187	0.848282	-0.321868	-0.106961	-0.120094	-0.244292	0.201972	0.196044	-0.242070	-0.247159	0.185835	0.176062	-0.226754	-0.241386	0.182589	0.190022	0.194000	-0.249721	-0.242682	-0.239882	0.188190	0.175454	-0.252937	0.177973	0.193982	0.186908	0.187074	0.220608	-0.248159	-0.247059	0.192164	
0.212902	-0.306659	-0.305473	-0.299222	-0.294578	-0.306464	-0.304894	-0.302602	-0.302594	0.118009	0.118718	0.128971	0.116028	0.106423	0.116735	0.117603	-0.302998	0.244848	0.305971	0.277500	0.446908	0.465323	0.490298	-0.302645	-0.301570	-0.301882	-0.305856	-0.304123	-0.323266	0.103571	0.096572	0.117365	0.112628	0.112149	0.094846	0.096315	-0.293668	-0.321868	1.211206	0.090236	0.105093	0.255167	-0.299427	-0.296562	0.247176	0.243224	-0.278632	-0.274251	0.230198	0.248523	-0.282535	-0.287991	-0.295005	0.260945	0.260256	0.243673	-0.285983	-0.267926	0.268936	-0.272262	-0.290599	-0.282543	-0.285485	-0.308678	0.261802	0.250840	-0.291221	
-0.004340	-0.104849	-0.098202	-0.100331	-0.094804	-0.147479	-0.146075	-0.144243	-0.142083	0.051616	0.040927	0.048005	0.044124	0.040091	0.040129	0.045186	-0.141626	0.012120	0.030399	0.018851	0.071029	0.075292	0.084833	-0.099253	-0.100270	-0.102794	-0.106315	-0.138369	-0.111574	0.040189	0.046422	0.046865	0.040399	0.036732	0.036197	0.044654	-0.090042	-0.106961	0.090236	0.997794	0.045338	0.016942	-0.122074	-0.120292	0.016912	0.019627	-0.116644	-0.108932	0.011763	0.016324	-0.119075	-0.119433	-0.120795	0.021453	0.026215	0.014830	-0.116644	-0.106991	0.018565	-0.108269	-0.120914	-0.114268	-0.117008	-0.102353	0.024720	0.020826	-0.116217	
0.009534	-0.116290	-0.115363	-0.109591	-0.107722	-0.159685	-0.158724	-0.156516	-0.154080	0.050486	0.053920	0.058945	0.057870	0.046204	0.051504	0.052643	-0.152893	0.015911	0.036272	0.023393	0.083212	0.088051	0.100282	-0.114890	-0.113945	-0.116551	-0.120130	-0.151775	-0.127913	0.055570	0.058761	0.055355	0.053853	0.056322	0.054850	0.055893	-0.105798	-0.120094	0.105093	0.045338	0.995563	0.021564	-0.131086	-0.128984	0.026503	0.031507	-0.117328	-0.117674	0.015312	0.017269	-0.121977	-0.121911	-0.124758	0.029061	0.029403	0.023813	-0.123394	-0.114053	0.026517	-0.112763	-0.125344	-0.118540	-0.119307	-0.118784	0.033739	0.031551	-0.126736	
0.375532	-0.239996	-0.240643	-0.238151	-0.234686	-0.226092	-0.223618	-0.221549	-0.221686	0.035728	0.033368	0.031379	0.028258	0.021476	0.026227	0.032450	-0.222155	0.463012	0.420821	0.453856	0.301274	0.293670	0.262713	-0.238830	-0.237006	-0.237879	-0.240737	-0.225013	-0.246629	0.018811	0.014789	0.028798	0.028109	0.024097	0.015227	0.016778	-0.233745	-0.244292	0.255167	0.016942	0.021564	1.045082	-0.203457	-0.197809	0.410352	0.410715	-0.182620	-0.178768	0.391884	0.418202	-0.189473	-0.184486	-0.192788	0.396285	0.400810	0.378922	-0.191228	-0.169297	0.386375	-0.174081	-0.197140	-0.185591	-0.191841	-0.207908	0.394908	0.390168	-0.190249	
-0.208914	0.169659	0.160300	0.158432	0.155498	0.229611	0.228509	0.230430	0.229672	-0.148445	-0.145535	-0.151059	-0.142410	-0.137358	-0.141998	-0.145080	0.233537	-0.207055	-0.235514	-0.225059	-0.293158	-0.296235	-0.303064	0.158803	0.164191	0.155658	0.165405	0.238565	0.208380	-0.134748	-0.129242	-0.142123	-0.139711	-0.139578	-0.125503	-0.127559	0.160098	0.201972	-0.299427	-0.122074	-0.131086	-0.203457	0.821457	0.252810	-0.185939	-0.197286	0.228873	0.243972	-0.184268	-0.194761	0.229865	0.245861	0.250902	-0.203850	-0.198394	-0.185478	0.239437	0.230560	-0.206520	0.236091	0.250890	0.242234	0.247341	0.200345	-0.204464	-0.201887	0.254203	
-0.199144	0.162472	0.152716	0.148877	0.145527	0.223817	0.221519	0.227824	0.224306	-0.146077	-0.143224	-0.147745	-0.141924	-0.138864	-0.144806	-0.142618	0.225722	-0.205896	-0.233005	-0.224466	-0.288635	-0.292082	-0.297515	0.154637	0.160044	0.152667	0.158174	0.232635	0.202346	-0.131155	-0.127723	-0.140001	-0.137014	-0.136800	-0.123444	-0.123627	0.152944	0.196044	-0.296562	-0.120292	-0.128984	-0.197809	0.252810	0.801184	-0.179755	-0.180596	0.219927	0.211607	-0.184386	-0.188381	0.217094	0.230448	0.255254	-0.192730	-0.188885	-0.168776	0.235459	0.212227	-0.202833	0.221234	0.245702	0.222798	0.240439	0.198429	-0.185666	-0.180357	0.237417	
0.392438	-0.234003	-0.236806	-0.233281	-0.224867	-0.225292	-0.224407	-0.219965	-0.223569	0.042345	0.034467	0.041088	0.035961	0.027738	0.033618	0.039698	-0.222378	0.413816	0.393567	0.405643	0.285696	0.276198	0.253814	-0.233303	-0.233384	-0.235336	-0.233600	-0.226120	-0.243715	0.023090	0.015998	0.028319	0.033087	0.025968	0.022899	0.018864	-0.227518	-0.242070	0.247176	0.016912	0.026503	0.410352	-0.185939	-0.179755	0.952605	0.390314	-0.165126	-0.151893	0.371878	0.400555	-0.176393	-0.148062	-0.159110	0.378350	0.366273	0.376827	-0.161137	-0.129665	0.363133	-0.139785	-0.176319	-0.160851	-0.147907	-0.173320	0.360540	0.387133	-0.176432	
0.550974	-0.242973	-0.241997	-0.240499	-0.233229	-0.229636	-0.230068	-0.223219	-0.226753	0.040374	0.036986	0.043771	0.028148	0.037358	0.028019	0.030916	-0.225022	0.421035	0.392303	0.416621	0.288214	0.278346	0.251426	-0.234122	-0.236933	-0.238155	-0.239463	-0.228479	-0.244533	0.029149	0.026359	0.026543	0.028875	0.020630	0.024084	0.022836	-0.231710	-0.247159	0.243224	0.019627	0.031507	0.410715	-0.197286	-0.180596	0.390314	0.990360	-0.166031	-0.174203	0.396925	0.390953	-0.177700	-0.165362	-0.169250	0.399174	0.378195	0.373155	-0.157865	-0.124457	0.353676	-0.137716	-0.177675	-0.190011	-0.183784	-0.164497	0.368962	0.389273	-0.162723	
-0.184104	0.150979	0.144016	0.146637	0.145761	0.208572	0.206057	0.211621	0.202161	-0.131016	-0.137534	-0.137136	-0.128650	-0.132065	-0.129647	-0.137702	0.217146	-0.191920	-0.220376	-0.210564	-0.276523	-0.279694	-0.281484	0.142101	0.151931	0.142285	0.147013	0.214371	0.194015	-0.119651	-0.121658	-0.129433	-0.127627	-0.123747	-0.112641	-0.115496	0.145690	0.185835	-0.278632	-0.116644	-0.117328	-0.182620	0.228873	0.219927	-0.165126	-0.166031	0.732693	0.188434	-0.163055	-0.164291	0.201807	0.223498	0.213753	-0.190871	-0.168817	-0.153295	0.215233	0.217559	-0.185526	0.226327	0.237166	0.205333	0.249323	0.158021	-0.157588	-0.149098	0.222411	
-0.145676	0.152169	0.138935	0.138260	0.135606	0.201188	0.197395	0.198707	0.202159	-0.131503	-0.127590	-0.132273	-0.126048	-0.120530	-0.125937	-0.129655	0.206308	-0.190028	-0.215517	-0.207857	-0.268006	-0.271731	-0.277673	0.140597	0.145370	0.137222	0.146499	0.212317	0.182115	-0.116896	-0.114508	-0.122857	-0.116457	-0.125530	-0.111645	-0.109229	0.140019	0.176062	-0.274251	-0.108932	-0.117674	-0.178768	0.243972	0.211607	-0.151893	-0.174203	0.188434	0.738379	-0.164260	-0.146396	0.236444	0.218809	0.181225	-0.184885	-0.150036	-0.015384	0.214116	0.224691	-0.169919	0.213797	0.213854	0.201647	0.226907	0.168594	-0.190121	-0.157566	0.239084	
0.377530	-0.224622	-0.225621	-0.221922	-0.218742	-0.212854	-0.211861	-0.209531	-0.208560	0.029617	0.027195	0.030166	0.024131	0.016674	0.020744	0.031288	-0.211483	0.413488	0.381373	0.408840	0.273141	0.259675	0.241185	-0.221262	-0.221885	-0.221405	-0.225486	-0.210635	-0.229617	0.015763	0.010137	0.022921	0.021525	0.021875	0.011053	0.010357	-0.216978	-0.226754	0.230198	0.011763	0.015312	0.391884	-0.184268	-0.184386	0.371878	0.396925	-0.163055	-0.164260	1.020847	0.394428	-0.181273	-0.174274	-0.184894	0.376232	0.370294	0.350620	-0.166875	-0.131008	0.357779	-0.146356	-0.170367	-0.172576	-0.160614	-0.177868	0.371829	0.342026	-0.168699	
0.397898	-0.235925	-0.237607	-0.234496	-0.228344	-0.220852	-0.219135	-0.218526	-0.216450	0.033623	0.034407	0.034250	0.027611	0.020982	0.026160	0.031914	-0.217212	0.428253	0.398979	0.420716	0.293315	0.285556	0.254900	-0.234304	-0.235254	-0.235781	-0.237807	-0.219191	-0.241356	0.022168	0.017446	0.025889	0.028484	0.021875	0.016857	0.017550	-0.230921	-0.241386	0.248523	0.016324	0.017269	0.418202	-0.194761	-0.188381	0.400555	0.390953	-0.164291	-0.146396	0.394428	1.031575	-0.171211	-0.183389	-0.179614	0.388939	0.375920	0.362473	-0.182246	-0.162951	0.417307	-0.167031	-0.184283	-0.183146	-0.165569	-0.188647	0.379706	0.376410	-0.179250	
-0.169422	0.154190	0.146074	0.143225	0.143445	0.208252	0.209378	0.208605	0.219698	-0.139596	-0.135309	-0.140853	-0.135307	-0.126140	-0.133946	-0.140200	0.220729	-0.200530	-0.225471	-0.214024	-0.277306	-0.283706	-0.288993	0.141122	0.141498	0.141169	0.156835	0.223265	0.186674	-0.123669	-0.120506	-0.130166	-0.131211	-0.131997	-0.115317	-0.123711	0.137082	0.182589	-0.282535	-0.119075	-0.121977	-0.189473	0.229865	0.217094	-0.176393	-0.177700	0.201807	0.236444	-0.181273	-0.171211	0.756674	0.230617	0.207776	-0.188122	-0.178539	-0.146494	0.233630	0.202467	-0.167591	0.241801	0.216890	0.218598	0.177508	0.167344	-0.181063	-0.191293	0.236640	
-0.193590	0.156549	0.148885	0.145387	0.137176	0.208915	0.211103	0.214038	0.217463	-0.141420	-0.139606	-0.143351	-0.135497	-0.131761	-0.137047	-0.136640	0.220276	-0.198492	-0.226675	-0.218561	-0.282667	-0.285044	-0.290421	0.145367	0.153845	0.140447	0.152961	0.222918	0.198727	-0.125639	-0.119090	-0.133941	-0.135006	-0.134515	-0.119564	-0.118597	0.144154	0.190022	-0.287991	-0.119433	-0.121911	-0.184486	0.245861	0.230448	-0.148062	-0.165362	0.223498	0.218809	-0.174274	-0.183389	0.230617	0.761481	0.262901	-0.174062	-0.169930	-0.174024	0.243650	0.213732	-0.210295	0.223117	0.240173	0.220880	0.252673	0.187855	-0.172178	-0.175788	0.223889	
-0.216192	0.169232	0.148221	0.145172	0.149026	0.219992	0.220850	0.226369	0.212530	-0.146738	-0.143357	-0.150203	-0.140192	-0.138105	-0.141322	-0.144035	0.225338	-0.209931	-0.239914	-0.229555	-0.290250	-0.292911	-0.299989	0.146431	0.153062	0.144957	0.159622	0.219797	0.202139	-0.128682	-0.120403	-0.139793	-0.132799	-0.134935	-0.128622	-0.124217	0.152699	0.194000	-0.295005	-0.120795	-0.124758	-0.192788	0.250902	0.255254	-0.159110	-0.169250	0.213753	0.181225	-0.184894	-0.179614	0.207776	0.262901	0.790731	-0.181401	-0.190042	-0.193277	0.251221	0.200493	-0.196372	0.219650	0.252696	0.231713	0.213197	0.187902	-0.184666	-0.176226	0.236017	
0.341294	-0.242632	-0.246401	-0.243257	-0.237040	-0.233776	-0.235232	-0.227522	-0.228519	0.042743	0.041926	0.040714	0.030659	0.026223	0.032049	0.034693	-0.231359	0.416601	0.401723	0.413100	0.305732	0.285397	0.267601	-0.241579	-0.243610	-0.244925	-0.244287	-0.231068	-0.252238	0.021248	0.024674	0.036700	0.039075	0.030482	0.024505	0.022805	-0.235663	-0.249721	0.260945	0.021453	0.029061	0.396285	-0.203850	-0.192730	0.378350	0.399174	-0.190871	-0.184885	0.376232	0.388939	-0.188122	-0.174062	-0.181401	1.006471	0.376833	0.363979	-0.179272	-0.152965	0.362488	-0.156667	-0.188348	-0.177108	-0.168664	-0.174819	0.392608	0.388241	-0.190120	
0.410672	-0.237525	-0.237327	-0.235815	-0.229456	-0.227288	-0.226920	-0.223748	-0.223795	0.042926	0.044425	0.043841	0.037365	0.031356	0.036496	0.040553	-0.225381	0.416790	0.394414	0.410435	0.299426	0.287873	0.263579	-0.235474	-0.236191	-0.236099	-0.238109	-0.225452	-0.244324	0.026555	0.022866	0.038674	0.039041	0.034371	0.030737	0.027882	-0.228726	-0.242682	0.260256	0.026215	0.029403	0.400810	-0.198394	-0.188885	0.366273	0.378195	-0.168817	-0.150036	0.370294	0.375920	-0.178539	-0.169930	-0.190042	0.376833	0.971863	0.378131	-0.184470	-0.152882	0.388135	-0.157749	-0.188518	-0.179628	-0.169921	-0.196567	0.376187	0.369023	-0.186540	
0.349869	-0.229056	-0.232547	-0.231387	-0.224671	-0.223066	-0.219349	-0.221464	-0.218886	0.032288	0.036016	0.033946	0.033025	0.030580	0.030879	0.034659	-0.219491	0.409113	0.385694	0.397865	0.293269	0.274640	0.253976	-0.231204	-0.230511	-0.230572	-0.231433	-0.215432	-0.239037	0.021362	0.020992	0.024451	0.028912	0.023188	0.023209	0.020361	-0.224140	-0.239882	0.243673	0.014830	0.023813	0.378922	-0.185478	-0.168776	0.376827	0.373155	-0.153295	-0.015384	0.350620	0.362473	-0.146494	-0.174024	-0.193277	0.363979	0.378131	0.988337	-0.182452	-0.121543	0.352972	-0.147133	-0.180039	-0.143463	-0.144279	-0.195269	0.381076	0.426520	-0.153727	
-0.189541	0.156593	0.147026	0.147055	0.141274	0.209135	0.211187	0.206907	0.213783	-0.141975	-0.142044	-0.144575	-0.139363	-0.127372	-0.135015	-0.142400	0.213402	-0.200498	-0.226688	-0.217629	-0.281688	-0.283803	-0.287668	0.141740	0.151334	0.141653	0.149426	0.222489	0.195678	-0.127313	-0.123142	-0.134555	-0.130899	-0.132533	-0.119934	-0.120297	0.139913	0.188190	-0.285983	-0.116644	-0.123394	-0.191228	0.239437	0.235459	-0.161137	-0.157865	0.215233	0.214116	-0.166875	-0.182246	0.233630	0.243650	0.251221	-0.179272	-0.184470	-0.182452	0.783866	0.213650	-0.181263	0.225117	0.236467	0.216486	0.224261	0.199116	-0.184132	-0.162800	0.228156	
-0.153731	0.142890	0.134504	0.128625	0.131123	0.191149	0.183943	0.194424	0.188966	-0.133311	-0.129144	-0.131898	-0.125503	-0.126121	-0.135022	-0.131711	0.191949	-0.188520	-0.215419	-0.207919	-0.265471	-0.269094	-0.271190	0.133057	0.142897	0.133300	0.139418	0.205245	0.176195	-0.115858	-0.107308	-0.125864	-0.120532	-0.123253	-0.114630	-0.112491	0.137170	0.175454	-0.267926	-0.106991	-0.114053	-0.169297	0.230560	0.212227	-0.129665	-0.124457	0.217559	0.224691	-0.131008	-0.162951	0.202467	0.213732	0.200493	-0.152965	-0.152882	-0.121543	0.213650	0.703425	-0.177078	0.229569	0.224876	0.225497	0.215609	0.200367	-0.143355	-0.136958	0.221576	
0.366310	-0.248855	-0.248995	-0.247155	-0.238110	-0.232405	-0.230305	-0.230531	-0.230214	0.035335	0.038086	0.040508	0.031785	0.025564	0.030583	0.043180	-0.229863	0.435579	0.423545	0.430539	0.312210	0.300767	0.278605	-0.246417	-0.249862	-0.248274	-0.246579	-0.232198	-0.253621	0.021194	0.016662	0.031988	0.032457	0.026884	0.021851	0.024537	-0.242179	-0.252937	0.268936	0.018565	0.026517	0.386375	-0.206520	-0.202833	0.363133	0.353676	-0.185526	-0.169919	0.357779	0.417307	-0.167591	-0.210295	-0.196372	0.362488	0.388135	0.352972	-0.181263	-0.177078	1.054000	-0.188586	-0.204711	-0.190972	-0.178648	-0.137274	0.373088	0.316923	-0.186844	
-0.201327	0.150530	0.138488	0.136796	0.135116	0.202992	0.199954	0.205307	0.205720	-0.136857	-0.131915	-0.134575	-0.129895	-0.122237	-0.128505	-0.132102	0.207671	-0.189883	-0.215710	-0.205466	-0.268042	-0.272264	-0.276880	0.136991	0.140944	0.138420	0.139389	0.212830	0.182724	-0.119189	-0.112668	-0.126218	-0.123206	-0.122449	-0.111839	-0.113615	0.140703	0.177973	-0.272262	-0.108269	-0.112763	-0.174081	0.236091	0.221234	-0.139785	-0.137716	0.226327	0.213797	-0.146356	-0.167031	0.241801	0.223117	0.219650	-0.156667	-0.157749	-0.147133	0.225117	0.229569	-0.188586	0.731833	0.232747	0.218604	0.235755	0.176314	-0.162846	-0.141909	0.227810	
-0.183519	0.162717	0.152533	0.148355	0.146755	0.216658	0.217414	0.214703	0.216989	-0.143857	-0.141900	-0.148546	-0.139869	-0.134500	-0.140626	-0.141522	0.220564	-0.206331	-0.230978	-0.223487	-0.286281	-0.288969	-0.295095	0.146023	0.155159	0.148750	0.157869	0.224353	0.197945	-0.131288	-0.126204	-0.140440	-0.133860	-0.132719	-0.119624	-0.123949	0.148527	0.193982	-0.290599	-0.120914	-0.125344	-0.197140	0.250890	0.245702	-0.176319	-0.177675	0.237166	0.213854	-0.170367	-0.184283	0.216890	0.240173	0.252696	-0.188348	-0.188518	-0.180039	0.236467	0.224876	-0.204711	0.232747	0.788429	0.211437	0.251336	0.196094	-0.184815	-0.165522	0.251604	
-0.156750	0.157439	0.145385	0.147099	0.148311	0.204109	0.198665	0.202012	0.207587	-0.142086	-0.137083	-0.144371	-0.137621	-0.134636	-0.134284	-0.137745	0.203842	-0.205931	-0.223742	-0.219052	-0.279619	-0.281309	-0.284850	0.143861	0.150599	0.143445	0.149546	0.218858	0.192555	-0.125787	-0.119400	-0.132069	-0.123898	-0.130008	-0.118880	-0.126358	0.146921	0.186908	-0.282543	-0.114268	-0.118540	-0.185591	0.242234	0.222798	-0.160851	-0.190011	0.205333	0.201647	-0.172576	-0.183146	0.218598	0.220880	0.231713	-0.177108	-0.179628	-0.143463	0.216486	0.225497	-0.190972	0.218604	0.211437	0.767918	0.209780	0.174036	-0.183488	-0.152657	0.221697	
