1.196279883384704590e+00 4.522890137848171732e-01 4.506612405890143558e-01 4.477968351566723459e-01 3.343930109097515979e-01 3.376167995389919851e-01 3.386467419040807836e-01 3.397645817394146506e-01 -2.293504822281223765e-01 -2.299360664195368997e-01 -2.362504197257287164e-01 -2.199137786493426394e-01 -2.068991219827620853e-01 -2.156176993329812219e-01 -2.256755719403218952e-01 -4.533001408586185832e-01 3.419204634217377636e-01 -4.624648020453223651e-01 -5.085629058647597178e-01 -4.868979886119614298e-01 -5.902268367064289478e-01 -5.973762020633137659e-01 -6.050033533525063234e-01 4.433049348612388973e-01 4.544796035562458925e-01 4.386186191669256829e-01 4.495750750162323395e-01 3.496254087037533598e-01 4.675481315191087894e-01 -2.018567770007223261e-01 -2.005232293140902233e-01 -2.276537381864464082e-01 -2.235469807803469600e-01 -2.188350863098604548e-01 -1.893843681223986997e-01 -1.904422829249784177e-01 4.574295406307865575e-01 4.781275578776173485e-01 -6.041301123039090060e-01 -1.806506355560464072e-01 -2.049773737772287441e-01 -4.700654282271230500e-01 4.134642725451722622e-01 3.932933061205585723e-01 -2.240861529921434336e-01 -2.409182819612792348e-01 2.216117195216774360e-01 2.626845679875520756e-01 -4.158759698224994139e-01 -4.578997837466166065e-01 1.882105277455406733e-01 3.164096282632840595e-01 1.992938615613173703e-01 -3.222710089983852333e-01 -4.762785380095603815e-01 -2.483693321439990886e-01 3.117748319538422019e-01 2.174529278151906553e-01 -3.388138528639768055e-01 3.757183488947296590e-01 3.811642345583238223e-01 2.261556123675915742e-01 2.059199196709528557e-01 3.088537301481976693e-01 -3.191384856651973689e-01 -1.607974555046194354e-01 3.990473339288911347e-01
4.522890137848171732e-01 1.107812166213989258e+00 4.593613644804708240e-01 4.469430495645985713e-01 2.722450461230702667e-01 2.764767888332025358e-01 2.795385321578934823e-01 2.886850738850882392e-01 -2.160807336315872518e-01 -2.177837123259975249e-01 -2.234849682522576098e-01 -2.100794350424891599e-01 -2.006170274378160090e-01 -2.081368675501466536e-01 -2.187174072395006164e-01 -4.511820010919548873e-01 2.923838372862516133e-01 -4.587850209350732289e-01 -5.031002367386709917e-01 -4.816024304457687810e-01 -5.834918530902056810e-01 -5.892926407940454192e-01 -5.983213086179823836e-01 5.752606641508358765e-01 4.585513606238927897e-01 5.123413280879122178e-01 4.846851878901667909e-01 3.048796400289643937e-01 4.620419311569645138e-01 -1.988182187908870691e-01 -1.914535491651354615e-01 -2.167991660261303077e-01 -2.157417522224310269e-01 -2.106350567175265809e-01 -1.898737744454053744e-01 -1.824418457199554200e-01 4.562302606441108743e-01 4.717517904586656097e-01 -5.970876823747257589e-01 -1.638284013147991991e-01 -1.996753165422259779e-01 -4.632006859008672151e-01 3.894881917903874058e-01 3.705846412001884693e-01 -2.205610413695928973e-01 -2.366315128741125762e-01 2.101321930079260158e-01 2.493211186837401283e-01 -4.085366980566587647e-01 -4.511757386059494501e-01 1.775054202512208745e-01 2.996642416836412526e-01 1.884533591195601543e-01 -3.170784896019352428e-01 -4.699023809248127348e-01 -2.444984199608641884e-01 2.953589078046273686e-01 2.066768593961115230e-01 -3.339959414637361235e-01 3.544354711215338405e-01 3.604239385726386025e-01 2.151172432013338520e-01 1.961505250022934632e-01 3.150311576770396527e-01 -3.139543719166302260e-01 -1.578697850469870101e-01 3.764781136969085895e-01
4.506612405890143558e-01 4.593613644804708240e-01 1.200559139251708984e+00 5.193017055337887378e-01 2.668655706444048037e-01 2.715647174767113481e-01 2.745600227832024065e-01 2.835469685337076440e-01 -2.183219103733042843e-01 -2.206528772477036326e-01 -2.300120790830072759e-01 -2.163056821289023324e-01 -1.977760993696766056e-01 -2.060205786960134788e-01 -2.162438644337109361e-01 -4.486882234980498763e-01 2.885371678822755137e-01 -4.566148607846577390e-01 -4.998436883493044269e-01 -4.790974917101385455e-01 -5.755631004749914847e-01 -5.806304258178750510e-01 -5.899432156735606725e-01 4.614509751442208985e-01 4.572074867936695153e-01 4.471081565289728998e-01 4.544560566088655107e-01 3.008560066871103778e-01 4.660230352605238546e-01 -1.962795322140053478e-01 -1.912003777308892427e-01 -2.165134853311981022e-01 -2.110217165201374867e-01 -1.978479648757478226e-01 -1.868998590077817490e-01 -1.881122484651620852e-01 4.663953887617712235e-01 4.779309993168601722e-01 -5.867172838824429304e-01 -1.689778069742606803e-01 -1.904858837442117980e-01 -4.591858757059630869e-01 3.857610662859372042e-01 3.668995161018813733e-01 -2.185614295880586866e-01 -2.345018501331989080e-01 2.081991862442184593e-01 2.469781695861170412e-01 -4.047984114104832831e-01 -4.470010262683732916e-01 1.758279368331704950e-01 2.968192638745516532e-01 1.866517253956109790e-01 -3.141893682248251274e-01 -4.656346497951026064e-01 -2.422840605758859733e-01 2.926259310785860324e-01 2.046774841973819925e-01 -3.309588027507288088e-01 3.509734575246469257e-01 3.570315081535898050e-01 2.130694937773712494e-01 1.943468037830091422e-01 3.128727153337721445e-01 -3.110434570882212313e-01 -1.564417016549440320e-01 3.728435059857119760e-01
4.477968351566723459e-01 4.469430495645985713e-01 5.193017055337887378e-01 1.115192055702209473e+00 2.621513381791429342e-01 2.641295322585385796e-01 2.691110197932410908e-01 2.758868348182197949e-01 -2.082687276721499059e-01 -2.144059500408369845e-01 -2.155706471881270736e-01 -2.035047849846404744e-01 -1.981585006818038230e-01 -1.973505008207475098e-01 -2.088022079799992381e-01 -4.417026569417959458e-01 2.813576312594799900e-01 -4.488072663986953370e-01 -4.905495467852794556e-01 -4.701371824001097099e-01 -5.663967136254772772e-01 -5.708640649757694696e-01 -5.786851028316901679e-01 4.379606128040172686e-01 4.562408094538711323e-01 4.352125782782917396e-01 4.457693761873673388e-01 2.944001907803736606e-01 4.541419024775619206e-01 -1.839327209716795364e-01 -1.843920116953178534e-01 -2.063367924893810545e-01 -2.074900362455990022e-01 -1.933045869453497156e-01 -1.746869675495231755e-01 -1.726861450206945980e-01 4.509591679232460848e-01 4.682433509655250514e-01 -5.765467839434534891e-01 -1.577626547863874296e-01 -1.850036199952438398e-01 -4.526560789645488470e-01 3.754778137655788162e-01 3.569917900756797713e-01 -2.152211587191173170e-01 -2.310290511437470551e-01 2.024625124804387832e-01 2.402966815170156922e-01 -3.996371766107893464e-01 -4.407083968303025512e-01 1.710600974877021507e-01 2.885687029784717583e-01 1.816633073763957718e-01 -3.094027414213404992e-01 -4.586212499677134180e-01 -2.386921491026108011e-01 2.845253915139250855e-01 1.990803247051677327e-01 -3.260723658369531486e-01 3.413928559340979607e-01 3.473255733431187542e-01 2.073067124052666854e-01 1.889615529005831129e-01 3.031711225135982346e-01 -3.063198448105867722e-01 -1.539516258861000075e-01 3.626991136550473671e-01
3.343930109097515979e-01 2.722450461230702667e-01 2.668655706444048037e-01 2.621513381791429342e-01 1.639290809631347656e+00 9.695207867775484933e-01 8.802888781811202268e-01 8.198420272596831371e-01 -3.104493002492970666e-01 -3.106809287316845691e-01 -3.208755879500194697e-01 -3.070111119325018567e-01 -2.964939486015228387e-01 -3.039531260994142170e-01 -3.114416398650821094e-01 -4.113928926740158531e-01 7.918584007937603531e-01 -4.217492910309176279e-01 -4.798308984045523418e-01 -4.522457608814730023e-01 -5.803559897644815502e-01 -5.882761697321859939e-01 -5.984182797346175864e-01 2.721531963283239652e-01 2.777113614076777148e-01 2.673789831637656267e-01 2.841476383580774923e-01 7.306625565460735938e-01 3.781324120001033351e-01 -2.955432475593561259e-01 -2.856318753746358019e-01 -3.080534401032458680e-01 -3.083356138060150409e-01 -3.015135120511384104e-01 -2.813240086679486551e-01 -2.827450641590299463e-01 2.591405575739006983e-01 3.334289498974399857e-01 -6.027743536669110114e-01 -2.686530233167105375e-01 -2.954188050041104407e-01 -4.490696228124162470e-01 6.043313468542168554e-01 5.769572133596139185e-01 -2.183749466714524912e-01 -2.386336713999556436e-01 3.125635433580017941e-01 3.674649490049939349e-01 -4.060035920506396279e-01 -4.387523302014594284e-01 2.747844981149082377e-01 4.499901525886723652e-01 2.854203146807368086e-01 -3.153732564125630300e-01 -4.542305236128565404e-01 -2.410457026765364108e-01 4.417142077493170782e-01 3.018860882185548378e-01 -3.240800881223630525e-01 5.447382536915824636e-01 5.457681960566712620e-01 3.123606944779680483e-01 2.819230641625926070e-01 2.216445349483459060e-01 -3.131418073991077411e-01 -1.616922673383466014e-01 5.796949495750193249e-01
3.376167995389919851e-01 2.764767888332025358e-01 2.715647174767113481e-01 2.641295322585385796e-01 9.695207867775484933e-01 1.486163020133972168e+00 8.726985781429107414e-01 8.157590533837687508e-01 -3.057058150160720245e-01 -3.055698494865763393e-01 -3.160503842327413437e-01 -3.037050759870568717e-01 -2.910287466477608498e-01 -2.995572784226684937e-01 -3.059817262328357601e-01 -4.058043893291246595e-01 7.903774481031959898e-01 -4.156230767209645460e-01 -4.736079356441331711e-01 -4.456063567183282115e-01 -5.746390915398434940e-01 -5.827020005219295529e-01 -5.931730997891796475e-01 2.760861488728192925e-01 2.820408823993081349e-01 2.700430447104760767e-01 2.882981357497659824e-01 7.306282659560350279e-01 3.815700993180180522e-01 -2.902890774673415608e-01 -2.815904565725264042e-01 -3.017947672559601058e-01 -3.027973495155229511e-01 -2.968104128943306330e-01 -2.765458431788890836e-01 -2.788209347614844513e-01 2.636584819778455824e-01 3.381985149057186724e-01 -5.978243733951336125e-01 -2.646026422012955348e-01 -2.924610467803808178e-01 -4.425529912082489803e-01 5.928105435993719086e-01 5.650209706998041703e-01 -2.150546461745506954e-01 -2.348510463528617476e-01 3.064107482741145194e-01 3.602743069070155069e-01 -3.993922438247991535e-01 -4.321071088846473729e-01 2.690661525601710791e-01 4.411195220782413440e-01 2.796677620357744254e-01 -3.106005462446460030e-01 -4.477443137740401702e-01 -2.373457702779853407e-01 4.330980290036045011e-01 2.960757815359868483e-01 -3.192777355206870005e-01 5.337131053291139793e-01 5.349518528942593942e-01 3.063677180369394071e-01 2.766258638334029296e-01 2.232718628118105786e-01 -3.083914195146412185e-01 -1.591906407619814445e-01 5.681018354817649607e-01
3.386467419040807836e-01 2.795385321578934823e-01 2.745600227832024065e-01 2.691110197932410908e-01 8.802888781811202268e-01 8.726985781429107414e-01 1.404162049293518066e+00 8.153332043353993530e-01 -3.023251859039845502e-01 -3.020646108196163304e-01 -3.110324072795805361e-01 -2.993564613714276290e-01 -2.863855446904361446e-01 -2.949626733567459191e-01 -3.026337177145188018e-01 -4.004054305606645214e-01 7.943452479031526403e-01 -4.111009494930781827e-01 -4.694213106665111046e-01 -4.409317588311629232e-01 -5.700410908148424438e-01 -5.783345149484705461e-01 -5.885416991388163765e-01 2.795503891313970701e-01 2.884486024135231585e-01 2.761348849305771402e-01 2.920769476387143349e-01 7.386284387449821853e-01 3.875244431787109867e-01 -2.865437490035688817e-01 -2.781605069039872480e-01 -2.977802353937673008e-01 -3.002953889399042064e-01 -2.915819885781161802e-01 -2.716535612781750819e-01 -2.741973552603101383e-01 2.691103239614627274e-01 3.441070452021229853e-01 -5.932797568841698954e-01 -2.603961164348118085e-01 -2.878801913503990506e-01 -4.370526914995854217e-01 5.821757290313042121e-01 5.544065857527497032e-01 -2.122748538864598356e-01 -2.316253093946419317e-01 3.008541975244866107e-01 3.536632926804286203e-01 -3.938745204884048778e-01 -4.266530402393394206e-01 2.638148214618122878e-01 4.330244656679940740e-01 2.744128404454392323e-01 -3.065122005474025246e-01 -4.424159680144501561e-01 -2.343192360412805209e-01 4.250485634914767941e-01 2.908542042044716669e-01 -3.153142498777562475e-01 5.238400317254757743e-01 5.249608775540922645e-01 3.009312678522600981e-01 2.716983171781605644e-01 2.255194829557954084e-01 -3.044011304316072142e-01 -1.570451965563340879e-01 5.572884983126357161e-01
3.397645817394146506e-01 2.886850738850882392e-01 2.835469685337076440e-01 2.758868348182197949e-01 8.198420272596831371e-01 8.157590533837687508e-01 8.153332043353993530e-01 1.379066944122314453e+00 -2.970496676930092783e-01 -2.986205496826116468e-01 -3.078826273182888040e-01 -2.955476173829243436e-01 -2.816572564232509568e-01 -2.910718325514781712e-01 -2.973434478698418482e-01 -4.008366235970918234e-01 8.151098145012678486e-01 -4.116808278639100260e-01 -4.684551621588642911e-01 -4.406048570616794002e-01 -5.679426848374136139e-01 -5.760589780335371168e-01 -5.857902689540123164e-01 2.869850455174182691e-01 2.963343804581044516e-01 2.817216347793868314e-01 2.999868292960988225e-01 7.576079463321092611e-01 3.955829266706865077e-01 -2.815677167900088596e-01 -2.736556363042047524e-01 -2.931348346080229206e-01 -2.937391505909114908e-01 -2.868634976223706223e-01 -2.673722753454220169e-01 -2.703509085225030972e-01 2.754927156989446790e-01 3.527806718194587132e-01 -5.906471191005712162e-01 -2.556395217308821133e-01 -2.837402149351996861e-01 -4.360760498487206149e-01 5.733840893443550302e-01 5.445329554836888519e-01 -2.116349391497893140e-01 -2.307618099909419518e-01 2.957792736985830340e-01 3.480158106340018320e-01 -3.924295283841472415e-01 -4.255501468706051060e-01 2.592415088483082108e-01 4.258802494662691784e-01 2.695928972164056692e-01 -3.054988468119103073e-01 -4.413785106661548552e-01 -2.335831851861088493e-01 4.181163254827179876e-01 2.861300909279568261e-01 -3.145954278174172836e-01 5.149681765511148201e-01 5.162310833956056388e-01 2.962602047905290026e-01 2.675506866133989803e-01 2.291216649061194877e-01 -3.033468896208173504e-01 -1.563676094871820077e-01 5.481543980576384367e-01
-2.293504822281223765e-01 -2.160807336315872518e-01 -2.183219103733042843e-01 -2.082687276721499059e-01 -3.104493002492970666e-01 -3.057058150160720245e-01 -3.023251859039845502e-01 -2.970496676930092783e-01 1.077223658561706543e+00 1.662629218744572646e-01 1.531793778618169288e-01 1.553227624054002720e-01 1.385328425919410966e-01 1.387844553630037392e-01 1.453835012830024531e-01 3.513594562870683835e-02 -2.973081831153134846e-01 4.563077275959980666e-02 1.004747688057166383e-01 7.029781794947614904e-02 2.052929752386313256e-01 2.195893957908968686e-01 2.371145592946648228e-01 -2.227639891134056693e-01 -2.147801127047081482e-01 -2.279675861517674873e-01 -2.344713448680346701e-01 -2.921033057464794136e-01 -2.499687989030573709e-01 1.382575993736845921e-01 1.359321991535122898e-01 1.368140545995259749e-01 1.405551941559927964e-01 1.207750346913891437e-01 1.138873507914000965e-01 1.233942150883940159e-01 -2.082396697370846872e-01 -2.446928910262861911e-01 2.464706020536946152e-01 1.294435956533782350e-01 1.281344159956250561e-01 7.788786748824545747e-02 -2.546239135004279563e-01 -2.402764745621715214e-01 4.590574808262162104e-02 4.891081242980448857e-02 -1.316236505316822902e-01 -1.541968648380727114e-01 6.645287420831043346e-02 7.980061858888432003e-02 -1.134773736658956506e-01 -1.899058662070243209e-01 -1.185799776799432159e-01 6.639037459797622609e-02 8.924412740245663000e-02 4.855739946956465214e-02 -1.869536328876150455e-01 -1.286919303330996689e-01 6.464992536230011744e-02 -2.284373839352593638e-01 -2.293012451714841193e-01 -1.330332665483270338e-01 -1.209215490306451007e-01 -1.399284167232980880e-01 6.827621092542732195e-02 3.801653610821397605e-02 -2.431368441701989014e-01
-2.299360664195368997e-01 -2.177837123259975249e-01 -2.206528772477036326e-01 -2.144059500408369845e-01 -3.106809287316845691e-01 -3.055698494865763393e-01 -3.020646108196163304e-01 -2.986205496826116468e-01 1.662629218744572646e-01 1.099791884422302246e+00 1.598286489195792082e-01 1.572214785790692071e-01 1.312094497072830435e-01 1.480637061269713672e-01 1.556165843321395403e-01 2.833719250915380655e-02 -2.976752204617740261e-01 3.916802288919151581e-02 9.799850529767349661e-02 6.549673176163675614e-02 2.088067587198298436e-01 2.195119497139630393e-01 2.346788697376190891e-01 -2.214745849947940548e-01 -2.242320967493411366e-01 -2.237583327247124609e-01 -2.263287770639595131e-01 -2.942632789196593657e-01 -2.485232223001059004e-01 1.486732965147400665e-01 1.278414569002909729e-01 1.325305420050821303e-01 1.365109085269564093e-01 1.440096371031309441e-01 1.127237043500953495e-01 1.089524074443534996e-01 -2.127505523234324014e-01 -2.475899170523986892e-01 2.500098529779818946e-01 1.092983471712935251e-01 1.317387967743688104e-01 7.351744550468178319e-02 -2.554338616904637260e-01 -2.411471827830955483e-01 4.379961141413502707e-02 4.649908036088842150e-02 -1.322202288651952162e-01 -1.547113489383722396e-01 6.180128051973846764e-02 7.546909360173216508e-02 -1.138766419403308139e-01 -1.906749134051268502e-01 -1.190036278998928554e-01 6.339647487167748841e-02 8.530489845532025772e-02 4.618208723592905768e-02 -1.876823775091137347e-01 -1.291643166108071561e-01 6.134093909011478080e-02 -2.293858026491930047e-01 -2.301417960431331178e-01 -1.335320526837062705e-01 -1.213701656948030644e-01 -1.410060235652060012e-01 6.539946839565462244e-02 3.667113144807825770e-02 -2.441126229896584954e-01
-2.362504197257287164e-01 -2.234849682522576098e-01 -2.300120790830072759e-01 -2.155706471881270736e-01 -3.208755879500194697e-01 -3.160503842327413437e-01 -3.110324072795805361e-01 -3.078826273182888040e-01 1.531793778618169288e-01 1.598286489195792082e-01 1.074039340019226074e+00 1.580886519745590413e-01 1.470309526014979273e-01 1.498995330245102009e-01 1.403100108705623850e-01 2.736872514210554955e-02 -3.065569842806591394e-01 3.919195602320894173e-02 1.008601761111264511e-01 6.801603246517277934e-02 2.185921296861208507e-01 2.319121869202329655e-01 2.590889825224870768e-01 -2.267423794730293318e-01 -2.285449456115615507e-01 -2.310095121874100876e-01 -2.424950367710911603e-01 -3.045924285041197721e-01 -2.598218603847493036e-01 1.359252130024573568e-01 1.427933370711561012e-01 1.547926220900871785e-01 1.382448795687757914e-01 1.514494426443121766e-01 1.324284495665580264e-01 1.335313568519278793e-01 -2.188267084952487396e-01 -2.551769884311564929e-01 2.714077656607796762e-01 1.237185283636619559e-01 1.422034665559867295e-01 7.679211335355735912e-02 -2.648909392237144833e-01 -2.499077048729154982e-01 4.600300796944485626e-02 4.887287916040603669e-02 -1.370281342044627759e-01 -1.603794971886169374e-01 6.514153051372648107e-02 7.924100979775677844e-02 -1.180240776721944301e-01 -1.976266486203158701e-01 -1.233367115502285866e-01 6.654036113780631423e-02 8.928457610373392861e-02 4.848968460005147890e-02 -1.945262309653825461e-01 -1.339023326062540598e-01 6.443205347417116369e-02 -2.376462861064326526e-01 -2.385949274865353797e-01 -1.384646789109308662e-01 -1.258994043234644700e-01 -1.466823687138000543e-01 6.849926676030521078e-02 3.841073176898474051e-02 -2.529141156545895441e-01
-2.199137786493426394e-01 -2.100794350424891599e-01 -2.163056821289023324e-01 -2.035047849846404744e-01 -3.070111119325018567e-01 -3.037050759870568717e-01 -2.993564613714276290e-01 -2.955476173829243436e-01 1.553227624054002720e-01 1.572214785790692071e-01 1.580886519745590413e-01 1.063235402107238770e+00 1.440549635851746946e-01 1.424761073633920849e-01 1.415535875082497841e-01 1.467303428357605473e-02 -2.956218208837709249e-01 2.262468672261673877e-02 8.460167694345259448e-02 5.284346228747627272e-02 1.981193671025876513e-01 2.035327574221314217e-01 2.249079720723184128e-01 -2.201008321480071028e-01 -2.117122043104607554e-01 -2.224885232289800785e-01 -2.251854697855368570e-01 -2.919474672613931454e-01 -2.449694145750148933e-01 1.316095668964878396e-01 1.343715041411454036e-01 1.437125447670332956e-01 1.428476676164120995e-01 1.517338430087721568e-01 1.354023232542749811e-01 1.274513875219660253e-01 -2.043971057406010483e-01 -2.390839302271105804e-01 2.445653033114021935e-01 1.134891680145392046e-01 1.414022580130874229e-01 5.855057711731033454e-02 -2.508656147323062857e-01 -2.371138634628864594e-01 3.685689069963491576e-02 3.898326563539572520e-02 -1.297425110687352723e-01 -1.517856685596259969e-01 4.789738215281668515e-02 6.071688931799133770e-02 -1.118562526218941366e-01 -1.873145469144258390e-01 -1.167885726831362492e-01 5.337429495540887275e-02 7.017208810544044162e-02 3.828102524633558018e-02 -1.843893953678311382e-01 -1.267925322442879366e-01 5.052617894499878554e-02 -2.254622855836124762e-01 -2.261049697307609685e-01 -1.310912139715005031e-01 -1.191182453104278061e-01 -1.368326193913732003e-01 5.557114373368413768e-02 3.191201087479303422e-02 -2.397720800226585125e-01
-2.068991219827620853e-01 -2.006170274378160090e-01 -1.977760993696766056e-01 -1.981585006818038230e-01 -2.964939486015228387e-01 -2.910287466477608498e-01 -2.863855446904361446e-01 -2.816572564232509568e-01 1.385328425919410966e-01 1.312094497072830435e-01 1.470309526014979273e-01 1.440549635851746946e-01 1.068743348121643066e+00 1.359425392137390276e-01 1.421226248199743969e-01 5.351897055919045861e-03 -2.819708817224029773e-01 1.727103530082644764e-02 7.171508115736530131e-02 4.401376756056742806e-02 1.750534482305610151e-01 1.955241094021235304e-01 2.148569603663125771e-01 -2.008986862250691785e-01 -2.050957486793669460e-01 -1.986938875687259132e-01 -2.101443839806832747e-01 -2.777452066653781637e-01 -2.286982234357033683e-01 1.178137973087676205e-01 1.204231664776973104e-01 1.412233179129588900e-01 1.448463748166343990e-01 1.362958686741654601e-01 1.286281921421999486e-01 1.313710775127654440e-01 -1.915324564888039038e-01 -2.237154138206219056e-01 2.248373451468127227e-01 1.059325949426278279e-01 1.185167126546527866e-01 5.008111102291056688e-02 -2.373314639766218315e-01 -2.240046015077171715e-01 3.280382019439647551e-02 3.473123942892362287e-02 -1.223914519125687966e-01 -1.430943399818482564e-01 4.111695376314732087e-02 5.265415429384986967e-02 -1.055688836720679591e-01 -1.767466156968961200e-01 -1.101942445025949485e-01 4.744556466247816517e-02 6.165739642460479203e-02 3.395238796106370138e-02 -1.738801366858545583e-01 -1.196025442281811596e-01 4.452657818543994533e-02 -2.127078282522398001e-01 -2.133878785658873678e-01 -1.236024914562990906e-01 -1.122568151434370914e-01 -1.272085561479465166e-01 4.967058766946008674e-02 2.876365736864699985e-02 -2.264787009789295535e-01
-2.156176993329812219e-01 -2.081368675501466536e-01 -2.060205786960134788e-01 -1.973505008207475098e-01 -3.039531260994142170e-01 -2.995572784226684937e-01 -2.949626733567459191e-01 -2.910718325514781712e-01 1.387844553630037392e-01 1.480637061269713672e-01 1.498995330245102009e-01 1.424761073633920849e-01 1.359425392137390276e-01 1.099298954010009766e+00 1.391832643884651777e-01 1.401465652045589573e-02 -2.883989756910889657e-01 2.443567068608790832e-02 8.181899695348147927e-02 5.104316803970048583e-02 1.949931897552186211e-01 2.136889232264862215e-01 2.278862155836035852e-01 -2.113656522515557634e-01 -2.110560071101761082e-01 -2.111822588280456159e-01 -2.176796715584939645e-01 -2.866830823588719657e-01 -2.360001151184094037e-01 1.388230322767972091e-01 1.166573318514157603e-01 1.417038454224734401e-01 1.299415746238945790e-01 1.269281776911655724e-01 1.154108327202591489e-01 1.167567175043219552e-01 -1.912372846484145794e-01 -2.326277803211202477e-01 2.444525507300333023e-01 1.072035664774301095e-01 1.292998368079646687e-01 6.232540884848636331e-02 -2.454492880026577506e-01 -2.317106322873070390e-01 3.867330041139801361e-02 4.103834912630248410e-02 -1.267162690813773696e-01 -1.482519982062013297e-01 5.247874901915552254e-02 6.482910204523330278e-02 -1.092991960860631440e-01 -1.829065221815584230e-01 -1.141155905730269343e-01 5.595119313440041070e-02 7.414454301999452712e-02 4.047341722207031117e-02 -1.799902355318203362e-01 -1.238320324433515029e-01 5.349827478252195539e-02 -2.201910954462986958e-01 -2.208968497858396773e-01 -1.279408773447860970e-01 -1.163073215085722034e-01 -1.324307458114266922e-01 5.800428654642100085e-02 3.293136615937375389e-02 -2.342262172491465233e-01
-2.256755719403218952e-01 -2.187174072395006164e-01 -2.162438644337109361e-01 -2.088022079799992381e-01 -3.114416398650821094e-01 -3.059817262328357601e-01 -3.026337177145188018e-01 -2.973434478698418482e-01 1.453835012830024531e-01 1.556165843321395403e-01 1.403100108705623850e-01 1.415535875082497841e-01 1.421226248199743969e-01 1.391832643884651777e-01 1.081762433052062988e+00 2.241771677887557240e-02 -2.970446855374760387e-01 3.546273258594691280e-02 9.625863360237343902e-02 6.166382591023703008e-02 2.103479147758597900e-01 2.104946239480136871e-01 2.374911991196670402e-01 -2.145035891559794461e-01 -2.231913411584162954e-01 -2.189333516736034491e-01 -2.247280578077001656e-01 -2.948916428488087549e-01 -2.466919043924909738e-01 1.385226556147055865e-01 1.430693596210043661e-01 1.368295020650060478e-01 1.580092993185524541e-01 1.484207513290943525e-01 1.183771148832739456e-01 1.197194718002203562e-01 -2.114927946341015885e-01 -2.384886600573409843e-01 2.483628748250957252e-01 1.162040531143426342e-01 1.311713459590989062e-01 7.104466811384832492e-02 -2.538689360208842838e-01 -2.396528422891150978e-01 4.268454446843795991e-02 4.529341263848722654e-02 -1.313106097312241316e-01 -1.536034734141047409e-01 6.004315019857368874e-02 7.304918550942011979e-02 -1.131180809271284948e-01 -1.893298566608803135e-01 -1.181759359995083469e-01 6.168341357479846521e-02 8.266891372086747347e-02 4.490362159287361599e-02 -1.863963551329450574e-01 -1.282003808482156115e-01 5.960301572379419349e-02 -2.278076700924598907e-01 -2.287040823392773314e-01 -1.325816021409797485e-01 -1.204675466285224650e-01 -1.386369946925291863e-01 6.377857001782219482e-02 3.586250533842140487e-02 -2.424862692906835648e-01
-4.533001408586185832e-01 -4.511820010919548873e-01 -4.486882234980498763e-01 -4.417026569417959458e-01 -4.113928926740158531e-01 -4.058043893291246595e-01 -4.004054305606645214e-01 -4.008366235970918234e-01 3.513594562870683835e-02 2.833719250915380655e-02 2.736872514210554955e-02 1.467303428357605473e-02 5.351897055919045861e-03 1.401465652045589573e-02 2.241771677887557240e-02 1.835057973861694336e+00 -4.023418190668149874e-01 1.220857006458209604e+00 9.619512503596058250e-01 1.058275967105972271e+00 5.707560718837646485e-01 5.448131251909362760e-01 4.524658385563394281e-01 -4.500692547452387338e-01 -4.476284716995752588e-01 -4.481783179708521136e-01 -4.502940919094692851e-01 -4.063846295324812230e-01 -4.598502837212326555e-01 -3.382141458968303000e-04 -3.702357807193587015e-03 1.231529006276513988e-02 1.061815287613437214e-02 7.301750776770930644e-03 -1.913810287074028558e-03 -4.471293672211574047e-03 -4.488560302897243171e-01 -4.660213374309846168e-01 4.389108963471169411e-01 -6.355528281887799606e-03 -1.551469152775266595e-03 1.052153538120893517e+00 -4.005401992595014060e-01 -3.762202662731116143e-01 4.713667449857805170e-01 5.125070473842514573e-01 -2.126104535531731232e-01 -2.569586517830661498e-01 9.503591382641123353e-01 1.010773034592525432e+00 -1.829826044282066300e-01 -3.000645954556506734e-01 -1.946973220830509055e-01 6.774724517415611214e-01 1.021083146219529336e+00 5.309336192070056581e-01 -2.948700998969501219e-01 -2.065069233591952658e-01 7.261842388869541587e-01 -3.561514201202931607e-01 -3.649992830149355605e-01 -2.162563198225439798e-01 -1.952657192295394195e-01 -2.666384511519411804e-01 6.616668833950712925e-01 3.225894216201725118e-01 -3.800331460859295296e-01
3.419204634217377636e-01 2.923838372862516133e-01 2.885371678822755137e-01 2.813576312594799900e-01 7.918584007937603531e-01 7.903774481031959898e-01 7.943452479031526403e-01 8.151098145012678486e-01 -2.973081831153134846e-01 -2.976752204617740261e-01 -3.065569842806591394e-01 -2.956218208837709249e-01 -2.819708817224029773e-01 -2.883989756910889657e-01 -2.970446855374760387e-01 -4.023418190668149874e-01 1.359785437583923340e+00 -4.131651205470106003e-01 -4.709520849124075870e-01 -4.429544583111038047e-01 -5.711788592723091584e-01 -5.793676303064687616e-01 -5.898409562354097746e-01 2.923156457719702228e-01 3.005018004786432217e-01 2.868863487379726962e-01 3.031650270272195913e-01 7.485156516503571611e-01 4.013078687106827469e-01 -2.806350238742666425e-01 -2.733670609490744807e-01 -2.933270511784829560e-01 -2.953493331593568527e-01 -2.873273112525684403e-01 -2.673126286453791911e-01 -2.694516433653942888e-01 2.816394431297244427e-01 3.591358147844992410e-01 -5.939309440956502817e-01 -2.540588424298401149e-01 -2.814241806107644073e-01 -4.378609975266242182e-01 5.716237462781349477e-01 5.428375752722984782e-01 -2.124379429386768492e-01 -2.315401535016036461e-01 2.952340199170435109e-01 3.474001108432189788e-01 -3.939816507490044861e-01 -4.274196241929464901e-01 2.584892868626069706e-01 4.248570705860662544e-01 2.690022473696445648e-01 -3.066662020365938379e-01 -4.435101774025902444e-01 -2.345162399343758142e-01 4.170309670747989195e-01 2.856460146763725172e-01 -3.159453414674769367e-01 5.135515743834151436e-01 5.149990714820749105e-01 2.957430069462937960e-01 2.671518358380308711e-01 2.319995555583265201e-01 -3.045198393329990316e-01 -1.568897616536792938e-01 5.464582385146563581e-01
-4.624648020453223651e-01 -4.587850209350732289e-01 -4.566148607846577390e-01 -4.488072663986953370e-01 -4.217492910309176279e-01 -4.156230767209645460e-01 -4.111009494930781827e-01 -4.116808278639100260e-01 4.563077275959980666e-02 3.916802288919151581e-02 3.919195602320894173e-02 2.262468672261673877e-02 1.727103530082644764e-02 2.443567068608790832e-02 3.546273258594691280e-02 1.220857006458209604e+00 -4.131651205470106003e-01 1.725333213806152344e+00 9.608578481363286850e-01 1.059716951219186409e+00 5.960385350525536641e-01 5.574731998998893046e-01 4.803107439989240945e-01 -4.564533164789887909e-01 -4.546764126164432596e-01 -4.559694072270313314e-01 -4.582057270629352752e-01 -4.171614772831521156e-01 -4.688139330237976465e-01 1.065544511050699368e-02 7.001750298734499105e-03 2.515348726950711669e-02 2.251925603113585569e-02 1.775500891722340754e-02 8.005279324410802602e-03 5.658931523445188960e-03 -4.561302557009219161e-01 -4.757234312500389639e-01 4.557549518729341886e-01 6.794885164654951640e-03 1.147900029096901586e-02 1.032876771198041999e+00 -4.109140769106761071e-01 -3.860885247208434290e-01 4.636292347765366695e-01 5.038252377852019404e-01 -2.179963306841996851e-01 -2.631039875502891312e-01 9.325928829657709196e-01 9.925163013902384979e-01 -1.875923229603556341e-01 -3.080029783826776502e-01 -1.994696008352653260e-01 6.664282097550939810e-01 1.003596058630674248e+00 5.217365044261581541e-01 -3.027385934801564149e-01 -2.118632554729117656e-01 7.137502260061616699e-01 -3.658044995488783369e-01 -3.744871719793330112e-01 -2.218112423258104815e-01 -2.003339352370993864e-01 -2.735914806142379918e-01 6.508467549077849856e-01 3.177747667126546438e-01 -3.900400698904571417e-01
-5.085629058647597178e-01 -5.031002367386709917e-01 -4.998436883493044269e-01 -4.905495467852794556e-01 -4.798308984045523418e-01 -4.736079356441331711e-01 -4.694213106665111046e-01 -4.684551621588642911e-01 1.004747688057166383e-01 9.799850529767349661e-02 1.008601761111264511e-01 8.460167694345259448e-02 7.171508115736530131e-02 8.181899695348147927e-02 9.625863360237343902e-02 9.619512503596058250e-01 -4.709520849124075870e-01 9.608578481363286850e-01 1.567809343338012695e+00 9.544171178625472374e-01 7.099404078531685869e-01 6.826575118213469295e-01 6.131837744053254546e-01 -5.013895482281561788e-01 -4.988229309636902920e-01 -4.991380592594835686e-01 -5.034312299990113537e-01 -4.750647847218943953e-01 -5.234781992007174756e-01 6.728510293188998126e-02 6.153326699365935931e-02 8.121880029472093587e-02 8.575992373015710324e-02 7.138581355983529553e-02 6.280551885893385922e-02 5.752376251606536317e-02 -4.975128745578963341e-01 -5.286371516721783959e-01 6.072179910701959171e-01 5.659899860343779038e-02 6.803957245423541966e-02 9.379107634154140172e-01 -4.681118109261398486e-01 -4.417748007805785138e-01 4.267378760497596568e-01 4.630020676780460809e-01 -2.487857735467247089e-01 -2.982490868460405675e-01 8.453417012764115057e-01 9.051468282985543068e-01 -2.135348382374814835e-01 -3.529750593850672913e-01 -2.264629612641025636e-01 6.137752314169495627e-01 9.208609921826361733e-01 4.788798911964031180e-01 -3.471777786733906135e-01 -2.423564827473798922e-01 6.546660920395063199e-01 -4.195357666440734934e-01 -4.277322474943375807e-01 -2.530307092273751390e-01 -2.290909648080572958e-01 -3.138640807850674452e-01 6.011818452256365575e-01 2.954377037952112262e-01 -4.466046526541361805e-01
-4.868979886119614298e-01 -4.816024304457687810e-01 -4.790974917101385455e-01 -4.701371824001097099e-01 -4.522457608814730023e-01 -4.456063567183282115e-01 -4.409317588311629232e-01 -4.406048570616794002e-01 7.029781794947614904e-02 6.549673176163675614e-02 6.801603246517277934e-02 5.284346228747627272e-02 4.401376756056742806e-02 5.104316803970048583e-02 6.166382591023703008e-02 1.058275967105972271e+00 -4.429544583111038047e-01 1.059716951219186409e+00 9.544171178625472374e-01 1.690633296966552734e+00 6.502328086130836349e-01 6.186874697730675443e-01 5.433449758050941103e-01 -4.793432594942627634e-01 -4.779448602858855644e-01 -4.783767213208200975e-01 -4.822173787382310062e-01 -4.469980481083618007e-01 -4.972493491467877558e-01 3.543457923219361233e-02 3.163233520810825733e-02 4.962787403574415307e-02 4.886482490757127622e-02 4.282026297765233191e-02 2.989227911738693080e-02 3.003391219671754445e-02 -4.786416940620276672e-01 -5.021985500869734498e-01 5.266269771642483333e-01 2.727088945448569862e-02 3.523796500489419919e-02 9.988446965817180390e-01 -4.402169169285963246e-01 -4.145208791840086504e-01 4.508366458637086960e-01 4.896034382328500190e-01 -2.337288088606884751e-01 -2.811548937125308290e-01 9.011157913065783731e-01 9.612589812399299216e-01 -2.008277809668521374e-01 -3.308781419309788085e-01 -2.133344943518499515e-01 6.480610897994846242e-01 9.745790941405843011e-01 5.067111583361314509e-01 -3.253149946960918748e-01 -2.274135648898203133e-01 6.928949786106878284e-01 -3.931064335381564967e-01 -4.017181311272163269e-01 -2.377175671138100355e-01 -2.149514821550878862e-01 -2.938407141972840253e-01 6.337267324986617378e-01 3.103337365075434784e-01 -4.189026432255599230e-01
-5.902268367064289478e-01 -5.834918530902056810e-01 -5.755631004749914847e-01 -5.663967136254772772e-01 -5.803559897644815502e-01 -5.746390915398434940e-01 -5.700410908148424438e-01 -5.679426848374136139e-01 2.052929752386313256e-01 2.088067587198298436e-01 2.185921296861208507e-01 1.981193671025876513e-01 1.750534482305610151e-01 1.949931897552186211e-01 2.103479147758597900e-01 5.707560718837646485e-01 -5.711788592723091584e-01 5.960385350525536641e-01 7.099404078531685869e-01 6.502328086130836349e-01 1.649186134338378906e+00 9.026504065438915037e-01 8.802968384966649573e-01 -5.784912719315042917e-01 -5.769525930366053990e-01 -5.789202383062408419e-01 -5.841545076093936917e-01 -5.753547406072729853e-01 -6.184115307230326763e-01 1.696321254287437019e-01 1.711392413941752177e-01 1.974871760986571523e-01 1.965491948613992124e-01 1.893846325384744844e-01 1.672008613618084782e-01 1.668820312409541873e-01 -5.733764630280639985e-01 -6.223106936763698194e-01 8.829748445122140854e-01 1.522463091969143700e-01 1.754885657582183900e-01 7.158844812368125865e-01 -5.692348722831387375e-01 -5.403291295445051823e-01 3.411423564938806940e-01 3.683383848864892340e-01 -3.035673569614796286e-01 -3.603849998263203847e-01 6.453378825516118411e-01 7.019515353723022599e-01 -2.595385733511347270e-01 -4.333714908925083709e-01 -2.742227113703143426e-01 4.908768660538300188e-01 7.233155749641284604e-01 3.796665540718071608e-01 -4.266105666675870101e-01 -2.968698090949332680e-01 5.174402163602631610e-01 -5.152677738816145991e-01 -5.223596913668763220e-01 -3.087740713262085990e-01 -2.805288399448856440e-01 -3.882195512920427194e-01 4.843181227104351172e-01 2.426210101562493171e-01 -5.467448098742648810e-01
-5.973762020633137659e-01 -5.892926407940454192e-01 -5.806304258178750510e-01 -5.708640649757694696e-01 -5.882761697321859939e-01 -5.827020005219295529e-01 -5.783345149484705461e-01 -5.760589780335371168e-01 2.195893957908968686e-01 2.195119497139630393e-01 2.319121869202329655e-01 2.035327574221314217e-01 1.955241094021235304e-01 2.136889232264862215e-01 2.104946239480136871e-01 5.448131251909362760e-01 -5.793676303064687616e-01 5.574731998998893046e-01 6.826575118213469295e-01 6.186874697730675443e-01 9.026504065438915037e-01 1.652313709259033203e+00 9.090206073086162242e-01 -5.843029146110868544e-01 -5.842556537166991859e-01 -5.858269532053685946e-01 -5.907431438859878092e-01 -5.833462850821682366e-01 -6.264057471919569631e-01 1.842501037624347804e-01 1.799913488626657398e-01 2.103167971787305579e-01 2.084178444222569981e-01 1.985510054713530981e-01 1.768556525365684584e-01 1.752154657018393236e-01 -5.802965378973365951e-01 -6.317795168500396352e-01 9.194372090309835821e-01 1.631788980162225677e-01 1.870934254918918405e-01 6.917132892513696563e-01 -5.773956987130786089e-01 -5.483540739447627654e-01 3.312038747030746633e-01 3.571903526319586408e-01 -3.080179248492772581e-01 -3.653541850551811354e-01 6.223939151570642148e-01 6.787621341928841145e-01 -2.632829276504176641e-01 -4.399064367890825888e-01 -2.780554641387227854e-01 4.763873104331569630e-01 7.006980918399974279e-01 3.680417100494586258e-01 -4.330842793676636937e-01 -3.013302021274416598e-01 5.017315077973238946e-01 -5.232004231547877637e-01 -5.300530858413707858e-01 -3.132828942504923275e-01 -2.846860451549177440e-01 -3.942146430616776387e-01 4.706535452462108915e-01 2.363163845783192718e-01 -5.549518952008315464e-01
-6.050033533525063234e-01 -5.983213086179823836e-01 -5.899432156735606725e-01 -5.786851028316901679e-01 -5.984182797346175864e-01 -5.931730997891796475e-01 -5.885416991388163765e-01 -5.857902689540123164e-01 2.371145592946648228e-01 2.346788697376190891e-01 2.590889825224870768e-01 2.249079720723184128e-01 2.148569603663125771e-01 2.278862155836035852e-01 2.374911991196670402e-01 4.524658385563394281e-01 -5.898409562354097746e-01 4.803107439989240945e-01 6.131837744053254546e-01 5.433449758050941103e-01 8.802968384966649573e-01 9.090206073086162242e-01 1.791593194007873535e+00 -5.916483931963906207e-01 -5.909190501595625866e-01 -5.922279375679688762e-01 -5.997483760956289212e-01 -5.940658241275716955e-01 -6.370903833153567231e-01 2.063143727894816148e-01 1.943033003802247527e-01 2.325535489870025341e-01 2.312988807907677136e-01 2.188934109295243846e-01 1.985894293021553125e-01 1.964502197492422608e-01 -5.864115632322933758e-01 -6.426385005838306519e-01 9.593085369318561373e-01 1.789398496290826868e-01 2.081576172537779879e-01 6.279090778325140398e-01 -5.885315678281231033e-01 -5.595655382242106235e-01 3.053602927881990392e-01 3.288431958117384313e-01 -3.143107491202459802e-01 -3.722417506637678564e-01 5.653291963443558554e-01 6.194863403211915420e-01 -2.684665404001043698e-01 -4.494278091786557683e-01 -2.833704777614390324e-01 4.393555328535025950e-01 6.420455405755652878e-01 3.383576098835277546e-01 -4.425144977942689350e-01 -3.077271506657273115e-01 4.608877132362568241e-01 -5.343754258490484021e-01 -5.409063915878502549e-01 -3.197794858994421618e-01 -2.907878496860852313e-01 -4.042958260335940968e-01 4.350933962112906173e-01 2.197040967012452439e-01 -5.663398224192768282e-01
