1.197948455810546875e+00 4.545866131814833566e-01 4.526589293794965330e-01 4.501069907912348400e-01 3.371232004237421087e-01 3.402988548161401394e-01 3.413559122596083184e-01 3.427930088456613844e-01 -2.300617741612643596e-01 -2.305490565656648227e-01 -2.367828246930525071e-01 -2.201740617285463664e-01 -2.071086382610597965e-01 -2.159897873664402279e-01 -2.261276158788903812e-01 -4.530464008020961830e-01 3.447175154897793026e-01 -4.622154231043827943e-01 -5.088479307851619948e-01 -4.869375125667940729e-01 -5.917078675960307788e-01 -5.989244412854417554e-01 -6.067816094301676788e-01 4.451658578530491850e-01 4.567177769244839536e-01 4.409668182170969897e-01 4.517154836973221732e-01 3.526760406440189732e-01 4.703292885844264082e-01 -2.020404331918590202e-01 -2.006026841537435768e-01 -2.279505811248682123e-01 -2.240269471779349209e-01 -2.191608604106612679e-01 -1.894117129101994534e-01 -1.906677398652067978e-01 4.595399157690061021e-01 4.807143680610304615e-01 -6.058696516518724540e-01 -1.812230849340535632e-01 -2.052645817929791283e-01 -4.706972999150790815e-01 4.175945102343063264e-01 -4.586616585581059224e-01 -4.772579039744883067e-01
4.545866131814833566e-01 1.110360860824584961e+00 4.615010731985401682e-01 4.491800266155053234e-01 2.748719548643875354e-01 2.791644937176241958e-01 2.823312690884779430e-01 2.916239736078034550e-01 -2.170290300318578058e-01 -2.184933452159037726e-01 -2.241783018726622445e-01 -2.104969920257876159e-01 -2.010363945703279864e-01 -2.087163226939393879e-01 -2.192814647560147046e-01 -4.511043346872564697e-01 2.952775633196216276e-01 -4.587410591373471958e-01 -5.036760851242291226e-01 -4.818738037433273891e-01 -5.852411598986395624e-01 -5.911026190220072252e-01 -6.003721473093784899e-01 5.773736092558778843e-01 4.607798867297831502e-01 5.146595198769804425e-01 4.867414932732759825e-01 3.077120798265453594e-01 4.647392778864819496e-01 -1.992710436782047512e-01 -1.917952904988909357e-01 -2.172393323520454278e-01 -2.163017161872108629e-01 -2.109852672920221051e-01 -1.901118507080750142e-01 -1.828458041318484217e-01 4.585433945299327019e-01 4.743774983240492404e-01 -5.991094539963426335e-01 -1.644700449613226423e-01 -2.003298740892336671e-01 -4.640163893688666885e-01 3.937065949173643720e-01 -4.520800909302581938e-01 -4.710649708359601617e-01
4.526589293794965330e-01 4.615010731985401682e-01 1.202372312545776367e+00 5.214307808500894259e-01 2.694811406178301283e-01 2.742315306139585518e-01 2.772322143837198660e-01 2.863709969512900910e-01 -2.190500995812051932e-01 -2.212032764894402703e-01 -2.307616141005897348e-01 -2.167105341392421280e-01 -1.981147993375171890e-01 -2.065660392687634905e-01 -2.167836087702265935e-01 -4.485303829337603521e-01 2.912214106853265871e-01 -4.565138714712555501e-01 -5.002477048438495055e-01 -4.791905237181642851e-01 -5.770472697547733842e-01 -5.822527592481392400e-01 -5.918171958676976541e-01 4.630781916706721568e-01 4.590757386778575033e-01 4.491444537943661830e-01 4.563572546088078830e-01 3.036376585345041401e-01 4.686362889525227948e-01 -1.965430281355484421e-01 -1.915448056419061795e-01 -2.167479082954230363e-01 -2.113906811463367175e-01 -1.980829284726448869e-01 -1.870145331143817646e-01 -1.885053435256557886e-01 4.682828301396088633e-01 4.802409715385659306e-01 -5.885926643055845453e-01 -1.696758748644601744e-01 -1.908881126411395568e-01 -4.598921264127572850e-01 3.898468587213210212e-01 -4.477911263796240937e-01 -4.666794150126155616e-01
4.501069907912348400e-01 4.491800266155053234e-01 5.214307808500894259e-01 1.117375731468200684e+00 2.649064020638817740e-01 2.669675832313238573e-01 2.718966883575772986e-01 2.788222400596942485e-01 -2.091671954365119934e-01 -2.150850491120524510e-01 -2.161643182931218543e-01 -2.039466428107498674e-01 -1.987004885334103244e-01 -1.979250918085154187e-01 -2.093596687949085544e-01 -4.418124244573981563e-01 2.842087140816629276e-01 -4.488640412449557138e-01 -4.911621680380641730e-01 -4.705100745406624041e-01 -5.681350582577283648e-01 -5.728173946670043204e-01 -5.807025331479688246e-01 4.397688594956398189e-01 4.584595686236597745e-01 4.374163442986129247e-01 4.480036839145489780e-01 2.973176107137394109e-01 4.569775379477466482e-01 -1.843846123209274268e-01 -1.846940448033725091e-01 -2.067929507490603447e-01 -2.081453136694494110e-01 -1.937200098991161690e-01 -1.749108949055181439e-01 -1.731327786469573915e-01 4.531008379980819289e-01 4.709486641639740179e-01 -5.786946261097926092e-01 -1.584671313940869408e-01 -1.855378638923724233e-01 -4.535892976529427023e-01 3.796487776792858981e-01 -4.417344422522055392e-01 -4.599048917791948021e-01
3.371232004237421087e-01 2.748719548643875354e-01 2.694811406178301283e-01 2.649064020638817740e-01 1.641049385070800781e+00 9.732267714584107443e-01 8.840931960256478428e-01 8.226657421137267834e-01 -3.108634516552311600e-01 -3.107963909302128291e-01 -3.211930443390536016e-01 -3.070838819604153613e-01 -2.966809593382797039e-01 -3.041380041638923060e-01 -3.115685821297578539e-01 -4.105973873776964655e-01 7.957905041105615140e-01 -4.210996812856777627e-01 -4.797531643357674791e-01 -4.519852868088490294e-01 -5.816260648585007687e-01 -5.895679950363716948e-01 -6.000607858382273063e-01 2.746451852214955580e-01 2.802851794209130776e-01 2.700941335141590072e-01 2.868374434409164397e-01 7.344744776638993944e-01 3.814876712658296087e-01 -2.955364165834932222e-01 -2.855789485150644902e-01 -3.080060236643795690e-01 -3.085201275220392780e-01 -3.016576083626426041e-01 -2.811049712535294565e-01 -2.827354773248512143e-01 2.617500942935067632e-01 3.365390572555619353e-01 -6.043403040176976715e-01 -2.688628430025594152e-01 -2.953323409253790222e-01 -4.494145405807027371e-01 6.094077573486527122e-01 -4.392116086994213298e-01 -4.548568701727057628e-01
3.402988548161401394e-01 2.791644937176241958e-01 2.742315306139585518e-01 2.669675832313238573e-01 9.732267714584107443e-01 1.488505959510803223e+00 8.767189558769931113e-01 8.189271350614348854e-01 -3.060854884675977550e-01 -3.057574185501539255e-01 -3.163942310529055946e-01 -3.037672128201043265e-01 -2.912259494822821426e-01 -2.996488503000371839e-01 -3.060438450055305015e-01 -4.050101850603682885e-01 7.940343868334946986e-01 -4.149329596995679492e-01 -4.735160913968465279e-01 -4.452698814057743371e-01 -5.758460771404853018e-01 -5.839961678937304335e-01 -5.947975401536019779e-01 2.786628999190732259e-01 2.846802383503833078e-01 2.728300919514874967e-01 2.908989007941533145e-01 7.344861650660599039e-01 3.850189403996955306e-01 -2.901997842255927273e-01 -2.814961871836174634e-01 -3.018450890443880597e-01 -3.029252659848485907e-01 -2.969336284912993396e-01 -2.763572478006124378e-01 -2.789410714374869205e-01 2.662239013501559448e-01 3.413699257952085842e-01 -5.994294391817093226e-01 -2.647073474498995993e-01 -2.924483326048564202e-01 -4.428487736397566099e-01 5.978711567169429086e-01 -4.325402863617774929e-01 -4.483361791590244616e-01
3.413559122596083184e-01 2.823312690884779430e-01 2.772322143837198660e-01 2.718966883575772986e-01 8.840931960256478428e-01 8.767189558769931113e-01 1.406819343566894531e+00 8.189136888754540156e-01 -3.026360595163367084e-01 -3.021809316516183008e-01 -3.113225793347667025e-01 -2.993524952263202921e-01 -2.864430219854785520e-01 -2.951342224382689783e-01 -3.027560255933682831e-01 -3.996189169341152758e-01 7.980924117215338898e-01 -4.103788159368054189e-01 -4.693412208546827169e-01 -4.405607944619415184e-01 -5.711957959847079325e-01 -5.795837196984241491e-01 -5.901217282649495743e-01 2.821520433436954245e-01 2.912040781544525392e-01 2.788583802304528958e-01 2.947592610747780673e-01 7.422983991209257670e-01 3.909182417426801948e-01 -2.865020547133818041e-01 -2.779948173746962792e-01 -2.976751828113943787e-01 -3.004248427420324608e-01 -2.916825240885301262e-01 -2.714377592504085834e-01 -2.742023121085571113e-01 2.717456315214001883e-01 3.474163976294771250e-01 -5.947864768360228149e-01 -2.604624943321772745e-01 -2.878420494120669249e-01 -4.373264193839309089e-01 5.871694110502458930e-01 -4.270571075971745234e-01 -4.429918875812615120e-01
3.427930088456613844e-01 2.916239736078034550e-01 2.863709969512900910e-01 2.788222400596942485e-01 8.226657421137267834e-01 8.189271350614348854e-01 8.189136888754540156e-01 1.382205605506896973e+00 -2.974593913836386383e-01 -2.988382495312557618e-01 -3.082105815696702944e-01 -2.955802443415952996e-01 -2.817973363616186888e-01 -2.913777722404454762e-01 -2.974690930621311513e-01 -4.000321743969186827e-01 8.188234802859624129e-01 -4.109979645765052814e-01 -4.684880404969619661e-01 -4.402610920254699245e-01 -5.694600465589791938e-01 -5.776971687438471337e-01 -5.878012115864593712e-01 2.897806546942280348e-01 2.992460888051934886e-01 2.846855714368061174e-01 3.028582903622731304e-01 7.611145492498049281e-01 3.989197719980737133e-01 -2.815659995542901251e-01 -2.735684691137136304e-01 -2.931834475067707779e-01 -2.939240656999936863e-01 -2.869328716469070062e-01 -2.671883957032116785e-01 -2.704375786062897524e-01 2.782946616485727498e-01 3.560721387310522013e-01 -5.925356306908003967e-01 -2.558252905851280956e-01 -2.837213323910791063e-01 -4.364857774527999279e-01 5.786276788546981242e-01 -4.260984569451990445e-01 -4.420848090096934913e-01
-2.300617741612643596e-01 -2.170290300318578058e-01 -2.190500995812051932e-01 -2.091671954365119934e-01 -3.108634516552311600e-01 -3.060854884675977550e-01 -3.026360595163367084e-01 -2.974593913836386383e-01 1.076832413673400879e+00 1.647128280472234529e-01 1.515088152514470765e-01 1.538876838382971790e-01 1.368896197486686450e-01 1.371762731438930238e-01 1.436634054275841843e-01 3.513767107293075398e-02 -2.976301068841294972e-01 4.556757826134120309e-02 1.001468669592375238e-01 7.016900664343710126e-02 2.038866455884935924e-01 2.181671617359445814e-01 2.354298660555630418e-01 -2.234656965668993800e-01 -2.155007887294409508e-01 -2.287853651711784508e-01 -2.352019617134321616e-01 -2.923197995485712353e-01 -2.505089977110847022e-01 1.368095950848459974e-01 1.343055266207249521e-01 1.348863224261503679e-01 1.389096822524415187e-01 1.190420347063648049e-01 1.120881367988863647e-01 1.219810475724925347e-01 -2.090786605283976585e-01 -2.453736326306821813e-01 2.448464229968133066e-01 1.279995490705224670e-01 1.263766313003607811e-01 7.778219317619110285e-02 -2.555295312285116305e-01 7.976268304400771503e-02 8.913629871093627088e-02
-2.305490565656648227e-01 -2.184933452159037726e-01 -2.212032764894402703e-01 -2.150850491120524510e-01 -3.107963909302128291e-01 -3.057574185501539255e-01 -3.021809316516183008e-01 -2.988382495312557618e-01 1.647128280472234529e-01 1.099515914916992188e+00 1.580419312217942185e-01 1.555189132803837249e-01 1.293870734835765868e-01 1.464738710536862554e-01 1.539591273391257564e-01 2.821303244910760427e-02 -2.977311802188335466e-01 3.902219335547358475e-02 9.732357213986575495e-02 6.521951948210510941e-02 2.071770038902028821e-01 2.180961295635901465e-01 2.327953071789697626e-01 -2.219623335452951540e-01 -2.247693950736805724e-01 -2.244148015615277103e-01 -2.268808434174054700e-01 -2.942436253731458562e-01 -2.487152935217297189e-01 1.471015441214182651e-01 1.260075845566525909e-01 1.307347983208266839e-01 1.350240890974920005e-01 1.421256042840796652e-01 1.107978064675133323e-01 1.070591994152214066e-01 -2.133273716235322137e-01 -2.477768688836874400e-01 2.480465868927713702e-01 1.075145471279173731e-01 1.299818260896403455e-01 7.327004746900796228e-02 -2.561266667029770683e-01 7.526516786513599844e-02 8.500493679271359238e-02
-2.367828246930525071e-01 -2.241783018726622445e-01 -2.307616141005897348e-01 -2.161643182931218543e-01 -3.211930443390536016e-01 -3.163942310529055946e-01 -3.113225793347667025e-01 -3.082105815696702944e-01 1.515088152514470765e-01 1.580419312217942185e-01 1.073152899742126465e+00 1.563495273069910596e-01 1.453754112717391411e-01 1.480720949316615964e-01 1.386256812166880570e-01 2.715858835982402214e-02 -3.067097716213535996e-01 3.897624512816881548e-02 1.002836265850046288e-01 6.775715376808653934e-02 2.169216449326374363e-01 2.300216341756886607e-01 2.571518390978324020e-01 -2.271334558354631550e-01 -2.291176760270276225e-01 -2.316540976031974952e-01 -2.430692570488651449e-01 -3.046859220588709061e-01 -2.601090071517823676e-01 1.343771403264393538e-01 1.411545854104002962e-01 1.530041360921956806e-01 1.366146112043833960e-01 1.498568917319912930e-01 1.307919871624666774e-01 1.315284637034676851e-01 -2.194157705946777059e-01 -2.554848524459803483e-01 2.692754763807814755e-01 1.222635167642734944e-01 1.404687022717132638e-01 7.646555200621633908e-02 -2.657105634144824591e-01 7.901790901482234897e-02 8.894247080532327598e-02
-2.201740617285463664e-01 -2.104969920257876159e-01 -2.167105341392421280e-01 -2.039466428107498674e-01 -3.070838819604153613e-01 -3.037672128201043265e-01 -2.993524952263202921e-01 -2.955802443415952996e-01 1.538876838382971790e-01 1.555189132803837249e-01 1.563495273069910596e-01 1.062945842742919922e+00 1.421721127691336350e-01 1.406649201375981817e-01 1.396155219139925130e-01 1.436913172558932847e-02 -2.955412674227394509e-01 2.224327514822576138e-02 8.384521743560695295e-02 5.232026917221874879e-02 1.962729697166928355e-01 2.015395202128514307e-01 2.228921628366028473e-01 -2.205109539325725287e-01 -2.118851121559421624e-01 -2.229771234421146775e-01 -2.253851396156637543e-01 -2.917150048542433427e-01 -2.451108362869554580e-01 1.297544039946859629e-01 1.327351879765453213e-01 1.415506238122535843e-01 1.411082329464916629e-01 1.496344197624666084e-01 1.334326024962475543e-01 1.257368169507726563e-01 -2.046440998816735635e-01 -2.393354724683385004e-01 2.423330925501548383e-01 1.120936826414164339e-01 1.396168410018577277e-01 5.795831310731940078e-02 -2.513822055103718256e-01 6.022169413319644615e-02 6.955781508214994857e-02
-2.071086382610597965e-01 -2.010363945703279864e-01 -1.981147993375171890e-01 -1.987004885334103244e-01 -2.966809593382797039e-01 -2.912259494822821426e-01 -2.864430219854785520e-01 -2.817973363616186888e-01 1.368896197486686450e-01 1.293870734835765868e-01 1.453754112717391411e-01 1.421721127691336350e-01 1.068081259727478027e+00 1.342202681566629363e-01 1.403083267180367799e-01 5.040995779287608773e-03 -2.819942066795659286e-01 1.695582491046088158e-02 7.099153593796735107e-02 4.342642561910325244e-02 1.731793722344542874e-01 1.936135183755464118e-01 2.128073956973112746e-01 -2.011722180692230022e-01 -2.053280682153949543e-01 -1.990320192835327573e-01 -2.104199317637265587e-01 -2.775816166468548229e-01 -2.288181296117013930e-01 1.160525348159767434e-01 1.190352974296338961e-01 1.394027516229603136e-01 1.431361816099748219e-01 1.341749511058097921e-01 1.266240382856600732e-01 1.297666445627254916e-01 -1.920484702665680721e-01 -2.238910669440779266e-01 2.226624287919492517e-01 1.046449140283774726e-01 1.169791727656750713e-01 4.957775430085052670e-02 -2.378392155007178210e-01 5.222613523254752976e-02 6.110221365070417354e-02
-2.159897873664402279e-01 -2.087163226939393879e-01 -2.065660392687634905e-01 -1.979250918085154187e-01 -3.041380041638923060e-01 -2.996488503000371839e-01 -2.951342224382689783e-01 -2.913777722404454762e-01 1.371762731438930238e-01 1.464738710536862554e-01 1.480720949316615964e-01 1.406649201375981817e-01 1.342202681566629363e-01 1.098753690719604492e+00 1.373134157306532543e-01 1.383979984955022863e-02 -2.885465558020122168e-01 2.423463153422230135e-02 8.126686163068989888e-02 5.076135198506553925e-02 1.931706736300889682e-01 2.116788522017931107e-01 2.257940568538784332e-01 -2.119452512156032864e-01 -2.115388444994546757e-01 -2.118004494089805456e-01 -2.181471626618591841e-01 -2.866833796517562760e-01 -2.363268599876453824e-01 1.370421658775968221e-01 1.151951347954613819e-01 1.401769569136543936e-01 1.280283562474497649e-01 1.252578604020375685e-01 1.135104326517421963e-01 1.149754570228124495e-01 -1.917327402033471850e-01 -2.329105217029384667e-01 2.422857755918931544e-01 1.058410926904036625e-01 1.277884099096461556e-01 6.195467772953036634e-02 -2.460695720413738630e-01 6.454162888118200603e-02 7.374687645667014901e-02
-2.261276158788903812e-01 -2.192814647560147046e-01 -2.167836087702265935e-01 -2.093596687949085544e-01 -3.115685821297578539e-01 -3.060438450055305015e-01 -3.027560255933682831e-01 -2.974690930621311513e-01 1.436634054275841843e-01 1.539591273391257564e-01 1.386256812166880570e-01 1.396155219139925130e-01 1.403083267180367799e-01 1.373134157306532543e-01 1.081101655960083008e+00 2.225331900945749092e-02 -2.971033511299561725e-01 3.536578462523380650e-02 9.571954711203158050e-02 6.132943717329172179e-02 2.088231120760593307e-01 2.088051980118253714e-01 2.355155642155801476e-01 -2.149236523290609657e-01 -2.235218925467053475e-01 -2.194782925227405090e-01 -2.250941176283696721e-01 -2.947698421451807049e-01 -2.468748964586944539e-01 1.366398866299296522e-01 1.412767783346881578e-01 1.349841618680235888e-01 1.560406763579059164e-01 1.467128670808772739e-01 1.165074641083283791e-01 1.178746348537849237e-01 -2.118134133477848624e-01 -2.387788173892204380e-01 2.463892168169689312e-01 1.144407300064859412e-01 1.296556709771621296e-01 7.080236739110404298e-02 -2.544614672024262392e-01 7.284323035029981186e-02 8.235878980014314787e-02
-4.530464008020961830e-01 -4.511043346872564697e-01 -4.485303829337603521e-01 -4.418124244573981563e-01 -4.105973873776964655e-01 -4.050101850603682885e-01 -3.996189169341152758e-01 -4.000321743969186827e-01 3.513767107293075398e-02 2.821303244910760427e-02 2.715858835982402214e-02 1.436913172558932847e-02 5.040995779287608773e-03 1.383979984955022863e-02 2.225331900945749092e-02 1.829727888107299805e+00 -4.014664909698364981e-01 1.219532304206511597e+00 9.617454306796349162e-01 1.058036121561691134e+00 5.709123481148333790e-01 5.448007626994404440e-01 4.526130307952834775e-01 -4.497667228569730002e-01 -4.474809847101546834e-01 -4.481377202621427691e-01 -4.500317034967345475e-01 -4.054897089587228276e-01 -4.594446861353823075e-01 -6.720589781843291184e-04 -4.250049242401032941e-03 1.202185298825314032e-02 1.037159783127203881e-02 6.847598307647146353e-03 -2.190925603813179395e-03 -4.718288202231317799e-03 -4.485530485510571541e-01 -4.656438884872053374e-01 4.389713077681056119e-01 -6.416649288038636309e-03 -1.777645424862882946e-03 1.052835681479938224e+00 -4.008569305387052473e-01 1.011372977001461892e+00 1.022564629064549369e+00
3.447175154897793026e-01 2.952775633196216276e-01 2.912214106853265871e-01 2.842087140816629276e-01 7.957905041105615140e-01 7.940343868334946986e-01 7.980924117215338898e-01 8.188234802859624129e-01 -2.976301068841294972e-01 -2.977311802188335466e-01 -3.067097716213535996e-01 -2.955412674227394509e-01 -2.819942066795659286e-01 -2.885465558020122168e-01 -2.971033511299561725e-01 -4.014664909698364981e-01 1.361963987350463867e+00 -4.123532209799534720e-01 -4.707820903157051151e-01 -4.424938397178320715e-01 -5.722730794421092559e-01 -5.805473062920888383e-01 -5.913899248692939814e-01 2.949028856309404145e-01 3.034652126176740072e-01 2.897720877149744245e-01 3.059218648373499549e-01 7.520348561450999059e-01 4.046816045282669583e-01 -2.805235229960417187e-01 -2.731571406396163249e-01 -2.932787906103184183e-01 -2.953501273359485646e-01 -2.873358600815985042e-01 -2.669555554193916436e-01 -2.692556758790628502e-01 2.842446273125737721e-01 3.624167244228579388e-01 -5.953610885305962164e-01 -2.541175114956379932e-01 -2.812933596946660675e-01 -4.380501589259753747e-01 5.764183059666571074e-01 -4.277535292550427304e-01 -4.439995572403570012e-01
-4.622154231043827943e-01 -4.587410591373471958e-01 -4.565138714712555501e-01 -4.488640412449557138e-01 -4.210996812856777627e-01 -4.149329596995679492e-01 -4.103788159368054189e-01 -4.109979645765052814e-01 4.556757826134120309e-02 3.902219335547358475e-02 3.897624512816881548e-02 2.224327514822576138e-02 1.695582491046088158e-02 2.423463153422230135e-02 3.536578462523380650e-02 1.219532304206511597e+00 -4.123532209799534720e-01 1.720347166061401367e+00 9.603627996570485159e-01 1.058956703054201753e+00 5.960267598390905919e-01 5.576902652336777066e-01 4.804198568735768005e-01 -4.562671311217591508e-01 -4.546359725983750155e-01 -4.559364230285848918e-01 -4.580234469711926826e-01 -4.163474474032861639e-01 -4.684267951055429147e-01 1.024040532364572584e-02 6.499740299257634676e-03 2.491244057863760755e-02 2.224782103705156069e-02 1.748634644773325655e-02 7.783242489312267899e-03 5.394840212646041105e-03 -4.559432595914991726e-01 -4.754610793622264242e-01 4.557636934369450055e-01 6.738749623705364740e-03 1.120330577886436557e-02 1.033393517780964110e+00 -4.113630540566178828e-01 9.929328662003507056e-01 1.004865817276204387e+00
-5.088479307851619948e-01 -5.036760851242291226e-01 -5.002477048438495055e-01 -4.911621680380641730e-01 -4.797531643357674791e-01 -4.735160913968465279e-01 -4.693412208546827169e-01 -4.684880404969619661e-01 1.001468669592375238e-01 9.732357213986575495e-02 1.002836265850046288e-01 8.384521743560695295e-02 7.099153593796735107e-02 8.126686163068989888e-02 9.571954711203158050e-02 9.617454306796349162e-01 -4.707820903157051151e-01 9.603627996570485159e-01 1.564199090003967285e+00 9.538396406725225818e-01 7.097745148366464418e-01 6.828676754596779697e-01 6.132642029169032005e-01 -5.016887161422767250e-01 -4.993435197553406923e-01 -4.997023116546774335e-01 -5.037997106063061281e-01 -4.748659296114290385e-01 -5.237436950436791250e-01 6.649126202157108756e-02 6.074432241888829548e-02 8.065460628886628180e-02 8.511705926125633093e-02 7.070560591350777413e-02 6.214939921079398744e-02 5.692513044502450076e-02 -4.979238975375664955e-01 -5.289748287398439164e-01 6.072882526403317049e-01 5.617792035841064069e-02 6.742614781636209476e-02 9.388010177798292721e-01 -4.693218742326596415e-01 9.059843243569546400e-01 9.223497510696809787e-01
-4.869375125667940729e-01 -4.818738037433273891e-01 -4.791905237181642851e-01 -4.705100745406624041e-01 -4.519852868088490294e-01 -4.452698814057743371e-01 -4.405607944619415184e-01 -4.402610920254699245e-01 7.016900664343710126e-02 6.521951948210510941e-02 6.775715376808653934e-02 5.232026917221874879e-02 4.342642561910325244e-02 5.076135198506553925e-02 6.132943717329172179e-02 1.058036121561691134e+00 -4.424938397178320715e-01 1.058956703054201753e+00 9.538396406725225818e-01 1.685669064521789551e+00 6.504224258326536390e-01 6.188264985859378564e-01 5.433852253989261971e-01 -4.793708841621857619e-01 -4.781544298431346651e-01 -4.787115671694291974e-01 -4.822867775313210981e-01 -4.464272178944793112e-01 -4.971642163971302097e-01 3.485015246953673124e-02 3.098412223865266643e-02 4.929872112020232400e-02 4.845705441382117812e-02 4.220300353753834999e-02 2.935637313188790842e-02 2.966968664032348935e-02 -4.787651817084667139e-01 -5.020884139491754716e-01 5.268429558098189913e-01 2.690276509751378387e-02 3.489818216075783047e-02 9.995239936692860150e-01 -4.410283756508067698e-01 9.618164628519894066e-01 9.760438892588008120e-01
-5.917078675960307788e-01 -5.852411598986395624e-01 -5.770472697547733842e-01 -5.681350582577283648e-01 -5.816260648585007687e-01 -5.758460771404853018e-01 -5.711957959847079325e-01 -5.694600465589791938e-01 2.038866455884935924e-01 2.071770038902028821e-01 2.169216449326374363e-01 1.962729697166928355e-01 1.731793722344542874e-01 1.931706736300889682e-01 2.088231120760593307e-01 5.709123481148333790e-01 -5.722730794421092559e-01 5.960267598390905919e-01 7.097745148366464418e-01 6.504224258326536390e-01 1.647021412849426270e+00 9.018146450638087064e-01 8.793366502861484912e-01 -5.799146547314462108e-01 -5.786161616574233557e-01 -5.806347348684451903e-01 -5.857078616955946337e-01 -5.763843217244523087e-01 -6.198786484551978004e-01 1.677930116824094819e-01 1.691157873201444839e-01 1.955777536767659419e-01 1.949146354415591254e-01 1.874081744640928859e-01 1.653584009954489620e-01 1.652275559894645363e-01 -5.749670256401179236e-01 -6.237788934140694463e-01 8.818904611281542794e-01 1.508883617076225148e-01 1.737731461624244800e-01 7.177600174652907228e-01 -5.718637366916800024e-01 7.039748400868363065e-01 7.256676797261470968e-01
-5.989244412854417554e-01 -5.911026190220072252e-01 -5.822527592481392400e-01 -5.728173946670043204e-01 -5.895679950363716948e-01 -5.839961678937304335e-01 -5.795837196984241491e-01 -5.776971687438471337e-01 2.181671617359445814e-01 2.180961295635901465e-01 2.300216341756886607e-01 2.015395202128514307e-01 1.936135183755464118e-01 2.116788522017931107e-01 2.088051980118253714e-01 5.448007626994404440e-01 -5.805473062920888383e-01 5.576902652336777066e-01 6.828676754596779697e-01 6.188264985859378564e-01 9.018146450638087064e-01 1.650069475173950195e+00 9.081081409223833445e-01 -5.858723930852336448e-01 -5.860273930012658283e-01 -5.877110029969676575e-01 -5.923634968162608816e-01 -5.845544966542258747e-01 -6.280092791164959554e-01 1.822744830650677439e-01 1.778493262382859208e-01 2.083418293938845145e-01 2.066321780506502614e-01 1.965254828485671346e-01 1.749713318237294535e-01 1.733944261077047522e-01 -5.820739873830522715e-01 -6.333758391668221632e-01 9.181075644951700587e-01 1.616215101757558226e-01 1.854083947092151630e-01 6.936740403962006196e-01 -5.801316092259217738e-01 6.808487618388845419e-01 7.030418336376597077e-01
-6.067816094301676788e-01 -6.003721473093784899e-01 -5.918171958676976541e-01 -5.807025331479688246e-01 -6.000607858382273063e-01 -5.947975401536019779e-01 -5.901217282649495743e-01 -5.878012115864593712e-01 2.354298660555630418e-01 2.327953071789697626e-01 2.571518390978324020e-01 2.228921628366028473e-01 2.128073956973112746e-01 2.257940568538784332e-01 2.355155642155801476e-01 4.526130307952834775e-01 -5.913899248692939814e-01 4.804198568735768005e-01 6.132642029169032005e-01 5.433852253989261971e-01 8.793366502861484912e-01 9.081081409223833445e-01 1.789628267288208008e+00 -5.934490635781061174e-01 -5.929609727004979680e-01 -5.943591491026571916e-01 -6.016127139872560203e-01 -5.955174500857152164e-01 -6.389109587890853259e-01 2.041129755354305353e-01 1.919882319207235621e-01 2.304133323529531929e-01 2.293877344458832568e-01 2.168731081726939514e-01 1.965333690082773921e-01 1.944712800814441811e-01 -5.883245916103969630e-01 -6.444825022569168338e-01 9.580365527474018483e-01 1.772191000972664077e-01 2.063192989192670634e-01 6.298275211768918913e-01 -5.915605268998609390e-01 6.216299432604992514e-01 6.444333697798728666e-01
4.451658578530491850e-01 5.773736092558778843e-01 4.630781916706721568e-01 4.397688594956398189e-01 2.746451852214955580e-01 2.786628999190732259e-01 2.821520433436954245e-01 2.897806546942280348e-01 -2.234656965668993800e-01 -2.219623335452951540e-01 -2.271334558354631550e-01 -2.205109539325725287e-01 -2.011722180692230022e-01 -2.119452512156032864e-01 -2.149236523290609657e-01 -4.497667228569730002e-01 2.949028856309404145e-01 -4.562671311217591508e-01 -5.016887161422767250e-01 -4.793708841621857619e-01 -5.799146547314462108e-01 -5.858723930852336448e-01 -5.934490635781061174e-01 1.115773320198059082e+00 4.751704545196659413e-01 5.386877974897729127e-01 4.728709297770951614e-01 3.082930458368565718e-01 4.609301209090120865e-01 -2.004003672794496538e-01 -1.910184753999474294e-01 -2.173323776896343429e-01 -2.164121649743762088e-01 -2.115157533699432713e-01 -1.861941455646649313e-01 -1.913672252110200089e-01 4.593796678689939794e-01 4.671633358705208350e-01 -5.943606809466296381e-01 -1.659551676926617203e-01 -2.011692111162399488e-01 -4.601940131452637583e-01 3.931528333213055171e-01 -4.481863421245291801e-01 -4.671684987520577925e-01
4.567177769244839536e-01 4.607798867297831502e-01 4.590757386778575033e-01 4.584595686236597745e-01 2.802851794209130776e-01 2.846802383503833078e-01 2.912040781544525392e-01 2.992460888051934886e-01 -2.155007887294409508e-01 -2.247693950736805724e-01 -2.291176760270276225e-01 -2.118851121559421624e-01 -2.053280682153949543e-01 -2.115388444994546757e-01 -2.235218925467053475e-01 -4.474809847101546834e-01 3.034652126176740072e-01 -4.546359725983750155e-01 -4.993435197553406923e-01 -4.781544298431346651e-01 -5.786161616574233557e-01 -5.860273930012658283e-01 -5.929609727004979680e-01 4.751704545196659413e-01 1.124769210815429688e+00 4.752354727860542694e-01 4.994294732226865485e-01 3.175804740047212804e-01 4.666796419524633643e-01 -1.937680644118831286e-01 -1.908487953125120595e-01 -2.142208196204930248e-01 -2.035667171380888263e-01 -2.042434943153837446e-01 -1.870550418772101153e-01 -1.820109917180572079e-01 4.606074975479149680e-01 4.792377272065020954e-01 -5.927810094012101461e-01 -1.697846357865077094e-01 -1.991931891266764676e-01 -4.598305122440856096e-01 3.945304716672408119e-01 -4.481447837649048527e-01 -4.667974521009410349e-01
4.409668182170969897e-01 5.146595198769804425e-01 4.491444537943661830e-01 4.374163442986129247e-01 2.700941335141590072e-01 2.728300919514874967e-01 2.788583802304528958e-01 2.846855714368061174e-01 -2.287853651711784508e-01 -2.244148015615277103e-01 -2.316540976031974952e-01 -2.229771234421146775e-01 -1.990320192835327573e-01 -2.118004494089805456e-01 -2.194782925227405090e-01 -4.481377202621427691e-01 2.897720877149744245e-01 -4.559364230285848918e-01 -4.997023116546774335e-01 -4.787115671694291974e-01 -5.806347348684451903e-01 -5.877110029969676575e-01 -5.943591491026571916e-01 5.386877974897729127e-01 4.752354727860542694e-01 1.125263690948486328e+00 6.416413288326622277e-01 3.035874197257023566e-01 4.542087583349332380e-01 -2.082252248633481573e-01 -1.943011177468322581e-01 -2.171795620696369555e-01 -2.180175941925185101e-01 -2.105626911117192968e-01 -1.871746108095080630e-01 -1.962255251047667903e-01 4.452738244856294658e-01 4.609266033413715324e-01 -5.929699935594471283e-01 -1.734063262659726046e-01 -2.030873776283605714e-01 -4.576249405984948448e-01 3.925772287648980341e-01 -4.457349378888330604e-01 -4.649680616205230099e-01
4.517154836973221732e-01 4.867414932732759825e-01 4.563572546088078830e-01 4.480036839145489780e-01 2.868374434409164397e-01 2.908989007941533145e-01 2.947592610747780673e-01 3.028582903622731304e-01 -2.352019617134321616e-01 -2.268808434174054700e-01 -2.430692570488651449e-01 -2.253851396156637543e-01 -2.104199317637265587e-01 -2.181471626618591841e-01 -2.250941176283696721e-01 -4.500317034967345475e-01 3.059218648373499549e-01 -4.580234469711926826e-01 -5.037997106063061281e-01 -4.822867775313210981e-01 -5.857078616955946337e-01 -5.923634968162608816e-01 -6.016127139872560203e-01 4.728709297770951614e-01 4.994294732226865485e-01 6.416413288326622277e-01 1.145333528518676758e+00 3.213489520144769407e-01 4.689672523530258319e-01 -2.015864116588985122e-01 -2.002227584810825078e-01 -2.219482774584734253e-01 -2.251381581425790368e-01 -2.129021572674990037e-01 -1.916702466427653573e-01 -1.975831501928761724e-01 4.523030593306999192e-01 4.741437502808380500e-01 -5.993820087535237651e-01 -1.797939454264131653e-01 -2.099351598813921638e-01 -4.609751684687959927e-01 4.030431271947920169e-01 -4.490024745521001837e-01 -4.683163321346370811e-01
3.526760406440189732e-01 3.077120798265453594e-01 3.036376585345041401e-01 2.973176107137394109e-01 7.344744776638993944e-01 7.344861650660599039e-01 7.422983991209257670e-01 7.611145492498049281e-01 -2.923197995485712353e-01 -2.942436253731458562e-01 -3.046859220588709061e-01 -2.917150048542433427e-01 -2.775816166468548229e-01 -2.866833796517562760e-01 -2.947698421451807049e-01 -4.054897089587228276e-01 7.520348561450999059e-01 -4.163474474032861639e-01 -4.748659296114290385e-01 -4.464272178944793112e-01 -5.763843217244523087e-01 -5.845544966542258747e-01 -5.955174500857152164e-01 3.082930458368565718e-01 3.175804740047212804e-01 3.035874197257023566e-01 3.213489520144769407e-01 1.413388252258300781e+00 4.260366442041605417e-01 -2.776171894679940189e-01 -2.687001554991836905e-01 -2.888706542721199422e-01 -2.915765715470988728e-01 -2.843172764313436351e-01 -2.627522322938126709e-01 -2.656656293246224543e-01 2.993084121608894366e-01 3.769924751285274045e-01 -5.991718057195195568e-01 -2.505001754245023138e-01 -2.790522152279361068e-01 -4.412350611171704240e-01 5.687712841209734416e-01 -4.305351026017745775e-01 -4.470491749147954552e-01
4.703292885844264082e-01 4.647392778864819496e-01 4.686362889525227948e-01 4.569775379477466482e-01 3.814876712658296087e-01 3.850189403996955306e-01 3.909182417426801948e-01 3.989197719980737133e-01 -2.505089977110847022e-01 -2.487152935217297189e-01 -2.601090071517823676e-01 -2.451108362869554580e-01 -2.288181296117013930e-01 -2.363268599876453824e-01 -2.468748964586944539e-01 -4.594446861353823075e-01 4.046816045282669583e-01 -4.684267951055429147e-01 -5.237436950436791250e-01 -4.971642163971302097e-01 -6.198786484551978004e-01 -6.280092791164959554e-01 -6.389109587890853259e-01 4.609301209090120865e-01 4.666796419524633643e-01 4.542087583349332380e-01 4.689672523530258319e-01 4.260366442041605417e-01 1.157049059867858887e+00 -2.272184589921964482e-01 -2.167356393599025322e-01 -2.412801200239466926e-01 -2.444763124725686521e-01 -2.372178825649830791e-01 -2.090817525838236379e-01 -2.110323431266955263e-01 4.734008343216563608e-01 5.782699649196383351e-01 -6.385742935249069108e-01 -1.944080489663570777e-01 -2.302602897931080306e-01 -4.826037557637047892e-01 4.590858091336026403e-01 -4.703256008119000020e-01 -4.900337663799508858e-01
-2.020404331918590202e-01 -1.992710436782047512e-01 -1.965430281355484421e-01 -1.843846123209274268e-01 -2.955364165834932222e-01 -2.901997842255927273e-01 -2.865020547133818041e-01 -2.815659995542901251e-01 1.368095950848459974e-01 1.471015441214182651e-01 1.343771403264393538e-01 1.297544039946859629e-01 1.160525348159767434e-01 1.370421658775968221e-01 1.366398866299296522e-01 -6.720589781843291184e-04 -2.805235229960417187e-01 1.024040532364572584e-02 6.649126202157108756e-02 3.485015246953673124e-02 1.677930116824094819e-01 1.822744830650677439e-01 2.041129755354305353e-01 -2.004003672794496538e-01 -1.937680644118831286e-01 -2.082252248633481573e-01 -2.015864116588985122e-01 -2.776171894679940189e-01 -2.272184589921964482e-01 1.074978590011596680e+00 1.095521691024120559e-01 1.402657754965784265e-01 1.608068670409358580e-01 1.308461123161616946e-01 1.091810515325928738e-01 1.281035442557666437e-01 -1.907360062081664698e-01 -2.183129138531799129e-01 2.174044027238228316e-01 1.028744428059387428e-01 1.344709657697550076e-01 4.122559843470509355e-02 -2.359167513152298779e-01 4.418804284011588340e-02 5.249217610691045421e-02
-2.006026841537435768e-01 -1.917952904988909357e-01 -1.915448056419061795e-01 -1.846940448033725091e-01 -2.855789485150644902e-01 -2.814961871836174634e-01 -2.779948173746962792e-01 -2.735684691137136304e-01 1.343055266207249521e-01 1.260075845566525909e-01 1.411545854104002962e-01 1.327351879765453213e-01 1.190352974296338961e-01 1.151951347954613819e-01 1.412767783346881578e-01 -4.250049242401032941e-03 -2.731571406396163249e-01 6.499740299257634676e-03 6.074432241888829548e-02 3.098412223865266643e-02 1.691157873201444839e-01 1.778493262382859208e-01 1.919882319207235621e-01 -1.910184753999474294e-01 -1.908487953125120595e-01 -1.943011177468322581e-01 -2.002227584810825078e-01 -2.687001554991836905e-01 -2.167356393599025322e-01 1.095521691024120559e-01 1.065959930419921875e+00 1.400795288002552597e-01 1.273237222038400840e-01 1.287148209194967086e-01 1.063174039715381186e-01 1.116135275666102489e-01 -1.797399337426420496e-01 -2.124138252663025639e-01 2.041749726650953223e-01 1.167100859330427592e-01 1.394658692681235435e-01 3.760475543373424656e-02 -2.280419811485607240e-01 4.050288366791075095e-02 4.852421797095805150e-02
-2.279505811248682123e-01 -2.172393323520454278e-01 -2.167479082954230363e-01 -2.067929507490603447e-01 -3.080060236643795690e-01 -3.018450890443880597e-01 -2.976751828113943787e-01 -2.931834475067707779e-01 1.348863224261503679e-01 1.307347983208266839e-01 1.530041360921956806e-01 1.415506238122535843e-01 1.394027516229603136e-01 1.401769569136543936e-01 1.349841618680235888e-01 1.202185298825314032e-02 -2.932787906103184183e-01 2.491244057863760755e-02 8.065460628886628180e-02 4.929872112020232400e-02 1.955777536767659419e-01 2.083418293938845145e-01 2.304133323529531929e-01 -2.173323776896343429e-01 -2.142208196204930248e-01 -2.171795620696369555e-01 -2.219482774584734253e-01 -2.888706542721199422e-01 -2.412801200239466926e-01 1.402657754965784265e-01 1.400795288002552597e-01 1.086411833763122559e+00 1.355833681685999770e-01 1.454992353261829185e-01 1.335931057035884273e-01 1.330562511261889902e-01 -2.054783874970667890e-01 -2.394448007400054590e-01 2.432930481062550443e-01 1.162513057551491508e-01 1.303598227735952853e-01 5.843469885309139633e-02 -2.508271673776691912e-01 6.062939156972931010e-02 7.027490954177667559e-02
-2.240269471779349209e-01 -2.163017161872108629e-01 -2.113906811463367175e-01 -2.081453136694494110e-01 -3.085201275220392780e-01 -3.029252659848485907e-01 -3.004248427420324608e-01 -2.939240656999936863e-01 1.389096822524415187e-01 1.350240890974920005e-01 1.366146112043833960e-01 1.411082329464916629e-01 1.431361816099748219e-01 1.280283562474497649e-01 1.560406763579059164e-01 1.037159783127203881e-02 -2.953501273359485646e-01 2.224782103705156069e-02 8.511705926125633093e-02 4.845705441382117812e-02 1.949146354415591254e-01 2.066321780506502614e-01 2.293877344458832568e-01 -2.164121649743762088e-01 -2.035667171380888263e-01 -2.180175941925185101e-01 -2.251381581425790368e-01 -2.915765715470988728e-01 -2.444763124725686521e-01 1.608068670409358580e-01 1.273237222038400840e-01 1.355833681685999770e-01 1.080956935882568359e+00 1.498648488104040166e-01 1.330946181442039244e-01 1.409298865936192691e-01 -2.049370083064523118e-01 -2.395608521046628525e-01 2.364704561763268098e-01 1.042379470544796405e-01 1.297885158905550951e-01 5.698152854313241755e-02 -2.511547266804555201e-01 5.947939162079077940e-02 6.896717576082718459e-02
-2.191608604106612679e-01 -2.109852672920221051e-01 -1.980829284726448869e-01 -1.937200098991161690e-01 -3.016576083626426041e-01 -2.969336284912993396e-01 -2.916825240885301262e-01 -2.869328716469070062e-01 1.190420347063648049e-01 1.421256042840796652e-01 1.498568917319912930e-01 1.496344197624666084e-01 1.341749511058097921e-01 1.252578604020375685e-01 1.467128670808772739e-01 6.847598307647146353e-03 -2.873358600815985042e-01 1.748634644773325655e-02 7.070560591350777413e-02 4.220300353753834999e-02 1.874081744640928859e-01 1.965254828485671346e-01 2.168731081726939514e-01 -2.115157533699432713e-01 -2.042434943153837446e-01 -2.105626911117192968e-01 -2.129021572674990037e-01 -2.843172764313436351e-01 -2.372178825649830791e-01 1.308461123161616946e-01 1.287148209194967086e-01 1.454992353261829185e-01 1.498648488104040166e-01 1.085710406303405762e+00 1.289019611914705155e-01 1.051244804779534747e-01 -1.937694827859317293e-01 -2.326590723516006320e-01 2.334846937015568613e-01 9.896654571907478881e-02 1.352846869614433845e-01 5.037192320627879166e-02 -2.437723450647618362e-01 5.274233828379917138e-02 6.194639442508647481e-02
