1.166486501693725586e+00 4.399640906072962987e-01 2.022854106086881265e-01 2.037357547379191614e-01 -2.287559065290745430e-01 -2.131979420192676722e-01 -5.041885866743908151e-01 -5.080785259786182451e-01 -3.810281392711241111e-01 -3.900204168766974733e-01 4.196357031079545608e-01 4.184404670771985635e-01 1.953839878693094112e-01 2.184480611020411245e-01 -2.169102122941384547e-01 -2.150668391740710450e-01 -1.987393624874921882e-01 -2.053605204516728566e-01 -2.073118968275314555e-01 2.222848804376039156e-01 -4.512579984125431598e-01 -4.287152062001098329e-01 -5.404489973065897956e-01 4.880234822295116404e-01 4.330387161254767858e-01 4.657206776597425657e-01 4.555366612716958974e-01 2.376593422728093541e-01 4.225714814038084022e-01 -1.918461097903202683e-01 -1.829774114202848412e-01 -2.079020501280874622e-01 -2.079062673980754949e-01 -2.028570784540352223e-01 -1.721650511926615945e-01 -1.779768312885108839e-01 4.252141080053717936e-01 4.465273088656830924e-01 -5.527632493398135782e-01 -1.675455241805036133e-01 -1.879678524709028908e-01 -1.999923471978753697e-01 2.102784450305453801e-01 2.233221231341739610e-01 -1.785007572865021097e-01 5.092098931452523208e-02 3.268587757068321109e-02 -4.095814963473445869e-01 3.288064638082412450e-01 3.160003634787122984e-01 1.932806575249967906e-01 -3.594087675485453381e-01 1.399742914045983555e-01 1.272561365833565217e-01 -3.756838736768058351e-01 4.010766293532806032e-02 3.019182377442313769e-01 2.976202959365619183e-01 -2.838446055621177133e-01 5.039114885252638648e-02 5.200903762427868532e-02 -3.876710889126296911e-01 -4.026813079308891874e-01 2.976767515159836619e-01 3.165774094453681631e-01 3.069750824292603597e-01 1.966159156183934220e-01 -1.278754874987774459e-01 -4.132530192714250483e-01 -4.147182781359796122e-01 -3.499919122459880794e-01 1.621456111943919975e-01 3.172254877573974507e-01 3.102003976165577104e-01 4.668611920408977101e-02 4.154304457269385881e-02 -3.989054847197875397e-01 3.105760138375828761e-01 2.679035454221431398e-02 -2.302229874893730599e-01 1.717931379404064318e-01 3.206203166261651916e-01 3.188416279050083624e-01 9.257884796056937982e-02 3.012331297445022260e-01 4.068348633451702723e-01 -4.147359407092395811e-01 -3.184424126052348702e-01 3.202848159001482342e-01 -4.359498153100242746e-02
4.399640906072962987e-01 1.151703715324401855e+00 2.042268830125190948e-01 2.075089182770074592e-01 -2.263375005642619120e-01 -2.112878126010969138e-01 -4.972481652083631243e-01 -5.009158676091094442e-01 -3.777525107303806307e-01 -3.864694461581287821e-01 4.152408963394449426e-01 4.488047522137875722e-01 1.968158171546905144e-01 2.197004874282446896e-01 -2.165046931308636236e-01 -2.126866531369200342e-01 -1.947551444228353135e-01 -2.014324934686684276e-01 -2.038273738263352286e-01 2.256165678111152206e-01 -4.460809541856948224e-01 -4.252047036402416547e-01 -5.331009553894535680e-01 4.294421636246680274e-01 4.299640177234665406e-01 4.311129666445977504e-01 4.351570493710360532e-01 2.399226643788981150e-01 4.242611225426393684e-01 -1.905452362893760854e-01 -1.811885395350105732e-01 -2.046025727051468124e-01 -1.999990037250690411e-01 -1.962722154615286208e-01 -1.676238008258913448e-01 -1.806590884725053914e-01 4.267089024541630971e-01 4.461116065382907947e-01 -5.441556102680620288e-01 -1.664260961492886604e-01 -1.821285058297659465e-01 -1.979975784935335548e-01 2.081450794950984451e-01 2.209517822917685392e-01 -1.766117142182715427e-01 4.991946483754899910e-02 3.237024723958372568e-02 -4.057563002193098067e-01 3.265872393580204203e-01 3.129811508309697232e-01 1.910784490979332839e-01 -3.558452478802561214e-01 1.384621135746368081e-01 1.260090002125386632e-01 -3.721068058450009985e-01 3.977499453959049830e-02 2.988984079350271439e-01 2.946613006142931313e-01 -2.808570738694072255e-01 5.001708288231565547e-02 5.123103580382870614e-02 -3.840402104790959781e-01 -3.983617948607025561e-01 2.948977322313925398e-01 3.139402197423956098e-01 3.039123158155089266e-01 1.944704860458030260e-01 -1.264721358065559742e-01 -4.089435865051121999e-01 -4.104068763307176515e-01 -3.464320073805457478e-01 1.593451088132067373e-01 3.142793646599005286e-01 3.073912255862681353e-01 4.633254446383833214e-02 4.095757876038241818e-02 -3.949059845617942099e-01 3.080956713117961043e-01 2.656253930730738053e-02 -2.278587154013407001e-01 1.701934260431321733e-01 3.179122415210243746e-01 3.156073197935553853e-01 9.160363733805683417e-02 2.983374375550155166e-01 3.991785639722533752e-01 -4.102260774110911279e-01 -3.150623074456239681e-01 3.176340780336601166e-01 -4.305227619139199990e-02
2.022854106086881265e-01 2.042268830125190948e-01 1.536524295806884766e+00 8.958202064070058812e-01 -2.970671723237057749e-01 -2.913763558743426296e-01 -4.901512198402010467e-01 -4.949891191495444653e-01 -3.689599877178991183e-01 -3.776256399670471220e-01 2.747743305032464001e-01 2.030392733341107592e-01 9.803336504171776822e-01 8.483851764635073067e-01 -2.992784912294890742e-01 -2.951630528826260091e-01 -2.841111605362744985e-01 -2.927244716157451632e-01 -2.929363931062241577e-01 8.330634084616715951e-01 -4.328429877762062228e-01 -4.104866077138364377e-01 -5.230291154442245904e-01 2.090274293591113386e-01 2.218991692183844011e-01 2.036150408948817769e-01 2.221490314444352354e-01 7.853534771699631767e-01 3.309710547747842790e-01 -2.813013125672412240e-01 -2.730841603688768382e-01 -2.890739909586433898e-01 -2.898069436659719833e-01 -2.867901702754350191e-01 -2.618329248704078238e-01 -2.695404486446428827e-01 2.004265349804765506e-01 2.744754480239547934e-01 -5.386110904737543281e-01 -2.618226094574057639e-01 -2.822072468156819891e-01 -1.938656384247312292e-01 3.356933979475913432e-01 3.679215400870468056e-01 -1.731862329969078573e-01 3.635066682238728003e-02 5.412179070162206201e-02 -3.986706694779448834e-01 5.525230265880211045e-01 5.674330009517217777e-01 3.016693453433345606e-01 -3.447523289910244815e-01 2.085931240219460192e-01 2.056616805506443768e-01 -3.708981098166524992e-01 6.630718823824266472e-02 4.748523455897289414e-01 4.991394418133120459e-01 -2.723482394088039826e-01 9.367155436992634365e-02 6.313937192712369695e-02 -3.810374848589721530e-01 -3.923165514004980370e-01 5.026557339354634779e-01 5.471014100905076116e-01 5.225208682862236831e-01 2.988998773670786813e-01 -1.200543031553525930e-01 -4.011192134941354293e-01 -4.012002673661006491e-01 -3.340029045381704420e-01 1.413386443701708517e-01 5.466572301699557102e-01 5.203907795842518391e-01 8.335921248081509805e-02 5.588948072387279337e-02 -3.876057579636164041e-01 5.468232172145023329e-01 5.227161043757570791e-02 -2.217582066016762221e-01 2.902768974247086353e-01 5.534973775927835016e-01 5.147509230384375023e-01 1.454064143412806542e-01 4.923060243892805055e-01 2.668924439217707500e-01 -4.022328078801056250e-01 -3.163478841589111856e-01 5.517679736226366316e-01 -3.848988437097963095e-02
2.037357547379191614e-01 2.075089182770074592e-01 8.958202064070058812e-01 1.512257575988769531e+00 -2.952131311269438618e-01 -2.889999609718846840e-01 -4.877372662545046977e-01 -4.928984700038369637e-01 -3.659273444612051174e-01 -3.746241486698466128e-01 2.750373294518383416e-01 2.059420775747270727e-01 9.317301281062617679e-01 8.448530732524808240e-01 -2.970030169203337622e-01 -2.943492814124604173e-01 -2.824953142750739055e-01 -2.903186586836145611e-01 -2.912810779001181460e-01 8.324799851599118394e-01 -4.302299849248026886e-01 -4.074168759921605321e-01 -5.200655061053138795e-01 2.110640034053206104e-01 2.253789900370155863e-01 2.060831577459993902e-01 2.242536401946327307e-01 7.845514611562102170e-01 3.316157827817359793e-01 -2.790459988658335888e-01 -2.717184408314963218e-01 -2.884018727382501868e-01 -2.883322510476462597e-01 -2.843334268283966848e-01 -2.594196766120962505e-01 -2.677610252074603125e-01 2.011268956849011080e-01 2.752183634805931423e-01 -5.368678738423227070e-01 -2.603214376735105140e-01 -2.783816686353137726e-01 -1.923596175150658061e-01 3.322560143266098387e-01 3.642811103451777943e-01 -1.718914870276187501e-01 3.645629694541518279e-02 5.358582638154826133e-02 -3.958336370159573070e-01 5.476425137491818251e-01 5.615086623607213889e-01 2.989195089792878179e-01 -3.421659816370366536e-01 2.068047664378898087e-01 2.037481567444344999e-01 -3.678771044618069919e-01 6.561354283829382017e-02 4.702402098207904002e-01 4.941382004371148717e-01 -2.703739986702227704e-01 9.263198997071481200e-02 6.279206431457225179e-02 -3.778371500165516594e-01 -3.891857206941173875e-01 4.974452454351211417e-01 5.414486225426393684e-01 5.174972327655604776e-01 2.960868260361729232e-01 -1.191981385704988794e-01 -3.981151359965241499e-01 -3.982502943566285647e-01 -3.315228558987939889e-01 1.411272665695509354e-01 5.409464294446910682e-01 5.150060752198740710e-01 8.239361194391989218e-02 5.545587336693199448e-02 -3.846925207554338644e-01 5.408302855353340766e-01 5.164886880769577887e-02 -2.200151809964112914e-01 2.875091339896326259e-01 5.478296018379891219e-01 5.096332438664730180e-01 1.440184622969597483e-01 4.875328976447708129e-01 2.682320369572741003e-01 -3.991980486412573526e-01 -3.138902296640008194e-01 5.451045694869730562e-01 -3.824139239031688897e-02
-2.287559065290745430e-01 -2.263375005642619120e-01 -2.970671723237057749e-01 -2.952131311269438618e-01 1.181426167488098145e+00 1.976240635603421780e-01 2.424215364428553288e-01 2.721956535845678204e-01 4.843317105317604399e-02 5.354837423213358594e-02 -2.393064139651060462e-01 -2.198377029932213345e-01 -3.102527681748760702e-01 -3.007165362124483710e-01 1.818418343308229879e-01 1.814634114945793131e-01 1.743081296739694697e-01 1.752268332869384715e-01 1.699409923109910792e-01 -3.015112638432254633e-01 1.109338469919197712e-01 7.426862987099092095e-02 2.524930971959944981e-01 -2.305210176980747316e-01 -2.354749874451725622e-01 -2.365069107977158802e-01 -2.474442462213261029e-01 -3.018395937408307472e-01 -2.632071671136874680e-01 1.666233674022134237e-01 1.657452788911501218e-01 1.774737859199726209e-01 1.703515075432412706e-01 1.768547141966415048e-01 1.511943014719712430e-01 1.575792923168217730e-01 -2.240317559548440085e-01 -2.607234155055410674e-01 3.110558715683471864e-01 1.499095476406328842e-01 1.669383695511108545e-01 4.621362700148400754e-02 -1.639647092969672704e-01 -1.801972753673345140e-01 4.629165751700309306e-02 -2.883605008788379248e-02 -2.706912233350982147e-02 8.612854086102605944e-02 -2.672459598847400919e-01 -2.620302989835762153e-01 -1.524931030737226856e-01 8.521879343641144966e-02 -1.070083621263645673e-01 -1.011669362388746413e-01 8.703398284972953258e-02 -3.184677309194836048e-02 -2.358344986909123864e-01 -2.389099318089484281e-01 7.426883559147813563e-02 -4.122536438388242630e-02 -3.844791004442622145e-02 8.224367844453681076e-02 8.793066702340558705e-02 -2.408325513995576150e-01 -2.575317503122249163e-01 -2.467930233247064009e-01 -1.501029542872619749e-01 3.429086840260275187e-02 1.016386753575539564e-01 9.854925324638684481e-02 8.025680793747225206e-02 -9.756692322558438435e-02 -2.581894093212305230e-01 -2.495758337439906160e-01 -3.968652738292505894e-02 -3.110508828465320327e-02 9.462541414472941392e-02 -2.554133582893836074e-01 -2.406370397915146356e-02 5.717231694638383321e-02 -1.393229656477350531e-01 -2.607283234085933099e-01 -2.512735861477463639e-01 -7.356094404778922013e-02 -2.395579513436957020e-01 -2.254776477049587335e-01 1.025725288149747644e-01 8.504296119711925173e-02 -2.610391670647848050e-01 1.238895336675096062e-02
-2.131979420192676722e-01 -2.112878126010969138e-01 -2.913763558743426296e-01 -2.889999609718846840e-01 1.976240635603421780e-01 1.167553782463073730e+00 2.209994947504833884e-01 2.506806703149334070e-01 2.973830891940553237e-02 3.448966786486115654e-02 -2.237652303693282163e-01 -2.067398175412099304e-01 -3.033927834193519413e-01 -2.934176614917580195e-01 1.790631530156037154e-01 1.795963805184814521e-01 1.702581986079658716e-01 1.732115072281950330e-01 1.698399394688038522e-01 -2.943478119804088244e-01 9.180827779272027200e-02 5.580420590833941319e-02 2.326769830984749821e-01 -2.198910874596552711e-01 -2.192795539227487822e-01 -2.258084168597696284e-01 -2.307153060039347781e-01 -2.923782734243926540e-01 -2.487582123618498897e-01 1.637343170455998753e-01 1.584396741716635193e-01 1.694760199269092771e-01 1.720719920608349551e-01 1.729544300907709387e-01 1.499824902476733501e-01 1.540555207855278108e-01 -2.079531128918798988e-01 -2.454097587686300541e-01 2.868632010483986305e-01 1.447229814940902970e-01 1.655523865457390609e-01 3.646726258210010452e-02 -1.571267660222168683e-01 -1.730878251324134698e-01 3.776887079907009781e-02 -2.718009567883528793e-02 -2.605360886340253590e-02 6.700468355016664379e-02 -2.554023375489967163e-01 -2.520424517744155879e-01 -1.462424183183866633e-01 6.791894947833986007e-02 -1.024115892695253438e-01 -9.711929748687150865e-02 6.875779680646569580e-02 -3.051808140547766779e-02 -2.260901363726987578e-01 -2.292774667414627099e-01 6.089394382984306131e-02 -3.955216618970861658e-02 -3.688570540026858691e-02 6.331975205861552214e-02 6.820687734168691396e-02 -2.313266779033155973e-01 -2.473130259391199126e-01 -2.366774824702634061e-01 -1.437722883453583789e-01 2.837350961384736345e-02 8.208330463042726177e-02 7.911601436422729949e-02 6.316427145323773307e-02 -9.220009450211409663e-02 -2.477990846731418784e-01 -2.397829507794337900e-01 -3.819067126947644358e-02 -2.978764326374730084e-02 7.523325323557182587e-02 -2.456581074796677644e-01 -2.321029274260440894e-02 4.614186728724505027e-02 -1.338560759487123497e-01 -2.503941604535160903e-01 -2.407224468559326369e-01 -7.064450347773422456e-02 -2.299146418676693004e-01 -2.123474494421330738e-01 8.310472154380177390e-02 6.988321277329084813e-02 -2.497490210055899607e-01 1.039588736679892406e-02
-5.041885866743908151e-01 -4.972481652083631243e-01 -4.901512198402010467e-01 -4.877372662545046977e-01 2.424215364428553288e-01 2.209994947504833884e-01 1.634467482566833496e+00 7.325130532588005616e-01 6.857813522724708344e-01 6.958620675872912997e-01 -5.208464210748060541e-01 -4.979698326775355843e-01 -5.071474938307364289e-01 -5.008804249080253124e-01 2.231521980117291137e-01 2.183629662919340519e-01 1.915044227553661382e-01 2.037741509974269616e-01 2.036895557942174362e-01 -5.037800257867691700e-01 7.315446975368087301e-01 7.094107013211251589e-01 8.170227943002024151e-01 -5.105488175891721436e-01 -5.144763743539201295e-01 -5.154581900735044631e-01 -5.206551597989722557e-01 -5.094911791757261721e-01 -5.449877202502313445e-01 1.800030017557949780e-01 1.731211665456638404e-01 2.004885303187327328e-01 1.991264402785196674e-01 1.949761616977136180e-01 1.635698141274253836e-01 1.732978363612254213e-01 -5.060173830285065177e-01 -5.512489114447362004e-01 7.986517196822077169e-01 1.660427801043132257e-01 1.771114533646937494e-01 3.546174786238780463e-01 -3.103442550144074885e-01 -3.287746359100039983e-01 3.103908947877246916e-01 -6.099731470109166082e-02 -4.743699163528743157e-02 7.218234640790869294e-01 -4.989424791411181670e-01 -4.872368952523002950e-01 -2.788949412509310055e-01 6.320503937607679923e-01 -2.000667739312879390e-01 -1.869253051246266562e-01 6.693181294529668701e-01 -5.988138391815945455e-02 -4.406939575073166027e-01 -4.456794465719208231e-01 4.906787753353596404e-01 -8.000788614793442888e-02 -6.706796464146798364e-02 6.934031787694576732e-01 7.136683513019402847e-01 -4.453097080791019735e-01 -4.798757460012639253e-01 -4.635958201358742481e-01 -2.847474833918911541e-01 2.183269505123498211e-01 7.233983425746894902e-01 7.206919426220874669e-01 6.176281532836280785e-01 -2.028273518436317369e-01 -4.798252857046126363e-01 -4.636757572394802907e-01 -7.025623544674496068e-02 -5.640704040750054576e-02 7.030282525937239235e-01 -4.749293144405907219e-01 -4.148769474089093051e-02 4.022427118521332834e-01 -2.567403729865254114e-01 -4.871238371502516484e-01 -4.709594086441162286e-01 -1.334446643629106921e-01 -4.458117542338451700e-01 -4.769904573907024492e-01 7.255512368621018782e-01 5.550469818570987757e-01 -4.859985460851508621e-01 7.202034005478982759e-02
-5.080785259786182451e-01 -5.009158676091094442e-01 -4.949891191495444653e-01 -4.928984700038369637e-01 2.721956535845678204e-01 2.506806703149334070e-01 7.325130532588005616e-01 1.601430416107177734e+00 5.910845090357139675e-01 6.032110852073098162e-01 -5.227429876351407101e-01 -4.992107974337368637e-01 -5.115236975894731364e-01 -5.067058413333133116e-01 2.452511041900208300e-01 2.394658473427025980e-01 2.176653093424844032e-01 2.270611370723835121e-01 2.327270760371133729e-01 -5.088891234755523740e-01 6.531082367191555216e-01 6.188579503562373629e-01 7.945756915029680290e-01 -5.126332951202630106e-01 -5.164347158377031732e-01 -5.172279740364287282e-01 -5.241858523552291871e-01 -5.153013135076777163e-01 -5.492581249012541411e-01 2.064246096718252710e-01 1.979393008183678582e-01 2.290996948518624343e-01 2.272454920175748794e-01 2.218242575723947951e-01 1.905850872866149681e-01 1.998976423021509574e-01 -5.066674009908439524e-01 -5.556176504886508605e-01 8.139539736263984304e-01 1.897432349699436360e-01 2.045484976056486381e-01 3.158478658203991984e-01 -3.141233403646636613e-01 -3.346756986973073444e-01 2.782745764273945599e-01 -6.166332743131051897e-02 -4.862387761841036049e-02 6.378203244317882659e-01 -5.041694840577202186e-01 -4.928157997566150472e-01 -2.841018737257084981e-01 5.638975474356177076e-01 -2.032785115664286768e-01 -1.898801566485099623e-01 5.958389446045276872e-01 -6.063070977212282886e-02 -4.470650328306386423e-01 -4.514628960178156403e-01 4.405513050437491196e-01 -8.030031782051957889e-02 -6.935780264892753288e-02 6.144979691273501077e-01 6.326639698082261454e-01 -4.518574679123061877e-01 -4.855192467385661681e-01 -4.689380285253202940e-01 -2.884288515107172324e-01 1.965715093817946568e-01 6.469580170331861169e-01 6.423381226630152652e-01 5.502527540683284091e-01 -2.049564560261290802e-01 -4.857358410229692391e-01 -4.700124478527953342e-01 -7.178415824113920651e-02 -5.774520074675361381e-02 6.272931368824153919e-01 -4.807028305258168599e-01 -4.242621364507549730e-02 3.598813662849748574e-01 -2.606753063001722714e-01 -4.927052103004130323e-01 -4.769367055662556143e-01 -1.361026759180541112e-01 -4.521528237546739715e-01 -4.820244083243678257e-01 6.488395953865946364e-01 4.981897184897342012e-01 -4.917854046134053636e-01 6.525899092572808036e-02
-3.810281392711241111e-01 -3.777525107303806307e-01 -3.689599877178991183e-01 -3.659273444612051174e-01 4.843317105317604399e-02 2.973830891940553237e-02 6.857813522724708344e-01 5.910845090357139675e-01 1.807248830795288086e+00 1.120428538110249228e+00 -4.103142433341859796e-01 -3.956799344233619675e-01 -3.831358926059119652e-01 -3.759346763393696667e-01 5.297752559515524901e-02 4.497090627398113438e-02 2.045080588355891252e-02 2.737045876432754946e-02 3.591956117351429584e-02 -3.775951639462973297e-01 1.013916226855857472e+00 1.105373677746262606e+00 6.691010649503073004e-01 -4.023680544061331577e-01 -4.035443347634237732e-01 -4.010314884006560554e-01 -4.025670742831992666e-01 -3.827795553334035761e-01 -4.166698896209664604e-01 7.664863406592553954e-03 6.463159119624465286e-03 2.530204763593069464e-02 2.261306780030018782e-02 2.041552849358058142e-02 8.119034546700196198e-03 1.260934337782224947e-02 -4.033380852806638939e-01 -4.209670967126101226e-01 5.149802719930482997e-01 1.379767766991101506e-02 8.930535744346095040e-03 4.902336549782947417e-01 -2.259916697309223010e-01 -2.297180318591677539e-01 4.182808867563968525e-01 -4.424740201474416240e-02 -3.127426767033186089e-02 1.035799831849951502e+00 -3.679658581577224807e-01 -3.582991112404733669e-01 -1.930807119057381671e-01 8.686214893504968781e-01 -1.415356952082878761e-01 -1.322323682260357902e-01 9.274824114861154323e-01 -4.357288494652677979e-02 -3.151899717022653147e-01 -3.222914135325052332e-01 6.589727988142976001e-01 -6.191822980929828635e-02 -4.080663502646388052e-02 9.813417983591263827e-01 1.004990779019989899e+00 -3.182850364325104930e-01 -3.501332422207091843e-01 -3.399539867925095993e-01 -2.057975295438130570e-01 2.903132511736647436e-01 9.882318476944258467e-01 1.002022056057539690e+00 8.541657458225809796e-01 -1.486896251514102651e-01 -3.493863886861725554e-01 -3.337449016585538608e-01 -4.788656437146866091e-02 -3.739873188601721549e-02 9.689213357772143986e-01 -3.463252090590368537e-01 -2.777336050176049814e-02 5.471517234439537969e-01 -1.826134918783902661e-01 -3.580250915514945342e-01 -3.416723994109105433e-01 -9.142911289329054558e-02 -3.196856402867955249e-01 -3.483658975149905856e-01 9.893889372691228035e-01 7.453545962894136956e-01 -3.559695324431788044e-01 9.352247314113318333e-02
-3.900204168766974733e-01 -3.864694461581287821e-01 -3.776256399670471220e-01 -3.746241486698466128e-01 5.354837423213358594e-02 3.448966786486115654e-02 6.958620675872912997e-01 6.032110852073098162e-01 1.120428538110249228e+00 1.827458024024963379e+00 -4.197653364035450752e-01 -4.045955664531248885e-01 -3.923944606878728703e-01 -3.856173812886989349e-01 6.056210933679476854e-02 5.012514124180880021e-02 2.462580031147257320e-02 3.197426101674353399e-02 4.239677357392206830e-02 -3.877012122696871232e-01 1.023936225238306630e+00 1.119702638676768114e+00 6.832587488808805620e-01 -4.108817673811476223e-01 -4.127075660938781532e-01 -4.105974616678077505e-01 -4.118996135746367804e-01 -3.923944019105908287e-01 -4.263981175752537545e-01 1.299716782401094325e-02 9.379626323135397195e-03 3.042479267489297742e-02 2.665878159631574623e-02 2.462082077360777665e-02 1.347085026657848447e-02 1.518919216856196019e-02 -4.117089106829825984e-01 -4.308310120225403717e-01 5.237980986254580085e-01 1.807417587197273495e-02 1.384523675665546953e-02 4.955775385202795813e-01 -2.315735424879812321e-01 -2.358153226026392379e-01 4.228619587317649087e-01 -4.530505144893053754e-02 -3.213383766396510355e-02 1.046154508076468703e+00 -3.767587926111783947e-01 -3.671230213215766480e-01 -1.982688062616143887e-01 8.779507371141388461e-01 -1.451567137527554896e-01 -1.356638741188109787e-01 9.375011755456412743e-01 -4.463682722347404874e-02 -3.232352885165178380e-01 -3.303738775890217028e-01 6.662981527005574778e-01 -6.337355531318417112e-02 -4.202767795762581138e-02 9.925761941662841759e-01 1.016095453365634116e+00 -3.266190084789756254e-01 -3.588648719689730981e-01 -3.483729507888381205e-01 -2.110054906210266645e-01 2.935808566154066157e-01 9.992778623125709858e-01 1.012075910154457192e+00 8.631761856083119966e-01 -1.522996082611705049e-01 -3.581558416154442259e-01 -3.421297160540036075e-01 -4.918076297731855534e-02 -3.841469720648035824e-02 9.794305374782759088e-01 -3.550535178908642009e-01 -2.852282411497870929e-02 5.534575853728266326e-01 -1.873138817363467490e-01 -3.665901464823912437e-01 -3.503148346336435459e-01 -9.388895684195776303e-02 -3.277348364016641757e-01 -3.568725866047984807e-01 1.000246747030101524e+00 7.538040069178509883e-01 -3.647509171607093426e-01 9.445927280981740448e-02
4.196357031079545608e-01 4.152408963394449426e-01 2.747743305032464001e-01 2.750373294518383416e-01 -2.393064139651060462e-01 -2.237652303693282163e-01 -5.208464210748060541e-01 -5.227429876351407101e-01 -4.103142433341859796e-01 -4.197653364035450752e-01 1.198835134506225586e+00 3.916709711229564572e-01 2.808568681489200247e-01 2.811659190980085321e-01 -2.304985647763265755e-01 -2.272861952854036693e-01 -2.078496795697691024e-01 -2.137352839318898134e-01 -2.176769913272944834e-01 2.816079242591241205e-01 -4.754841719832677560e-01 -4.576165247861447294e-01 -5.512076497927277385e-01 3.816230241428861802e-01 3.978525484889066099e-01 3.818479060240601020e-01 3.926616916007734104e-01 2.872671185307372199e-01 4.007333112487492244e-01 -1.986555901662315493e-01 -1.961009384615963469e-01 -2.226183239587486984e-01 -2.183466702904820200e-01 -2.197683458003867052e-01 -1.793376282285185364e-01 -1.916175690233378748e-01 4.028613427458488938e-01 4.107119892019079344e-01 -5.602505934154397016e-01 -1.877059409020290781e-01 -1.976493671802704022e-01 -2.128194016284598589e-01 2.288801470090357226e-01 2.436871141859205392e-01 -1.895394394387098780e-01 5.105342555175410024e-02 3.559482036369501085e-02 -4.367401566861274231e-01 3.547976309934018913e-01 3.477519100265579199e-01 2.094386352244257676e-01 -3.818522555429327836e-01 1.507566458297283363e-01 1.385178344380327553e-01 -4.006583702141185976e-01 4.386929143281145110e-02 3.273361207087882030e-01 3.257255937916143096e-01 -3.010139198710473640e-01 5.616093258034149382e-02 5.443472829848702843e-02 -4.144072875365829578e-01 -4.290425368839200226e-01 3.260644742113499306e-01 3.473735900505578456e-01 3.369902892876757705e-01 2.124476353194098555e-01 -1.352489799790470848e-01 -4.388095284557280151e-01 -4.411924476364949554e-01 -3.718953839614195234e-01 1.651584171183896610e-01 3.479261552792344281e-01 3.390616007075844540e-01 5.159805952093223652e-02 4.402467285152576737e-02 -4.242489850338933555e-01 3.415462633636028311e-01 2.999832859451292966e-02 -2.445538292929045898e-01 1.884116944220829426e-01 3.504237783259477879e-01 3.468555858637344946e-01 1.003974461035834348e-01 3.284762824262509873e-01 4.051896872202201405e-01 -4.403732686563795462e-01 -3.387766190555008272e-01 3.502728676542504194e-01 -4.575232085037090474e-02
4.184404670771985635e-01 4.488047522137875722e-01 2.030392733341107592e-01 2.059420775747270727e-01 -2.198377029932213345e-01 -2.067398175412099304e-01 -4.979698326775355843e-01 -4.992107974337368637e-01 -3.956799344233619675e-01 -4.045955664531248885e-01 3.916709711229564572e-01 1.098606824874877930e+00 2.038551167034690914e-01 2.195572912748181282e-01 -2.083377661200222775e-01 -2.100114051438115581e-01 -1.995351481093464441e-01 -1.943567813936516731e-01 -2.021585986226366871e-01 2.239024459343048612e-01 -4.578620962706049791e-01 -4.414508913457270145e-01 -5.264167440959395261e-01 3.836896039915887457e-01 4.073020839602909948e-01 3.774294413995200048e-01 3.884587044922771515e-01 2.345483195104839935e-01 3.935473770755433809e-01 -1.810596262611253726e-01 -1.815621867170865988e-01 -1.994644096503833119e-01 -2.037639825276300332e-01 -1.909880349437995117e-01 -1.631390648158249079e-01 -1.730834756135407881e-01 4.006102316201087810e-01 4.094977387204044583e-01 -5.334641989926044436e-01 -1.649276281203683470e-01 -1.766128603752717963e-01 -2.044675318996065083e-01 2.064717049690784345e-01 2.187842230724813264e-01 -1.820517720880323875e-01 4.973912144185844986e-02 3.195566168055064687e-02 -4.202203313439966115e-01 3.178400042413686566e-01 3.089555535597403035e-01 1.892480510628813395e-01 -3.670058781984245622e-01 1.371113675498619455e-01 1.248317941130555192e-01 -3.843873491069614845e-01 3.940197921329664094e-02 2.960235816806728870e-01 2.920794497223831443e-01 -2.891791729048955317e-01 4.960672194043087152e-02 5.057220492276194579e-02 -3.976924979498484003e-01 -4.118821861105050330e-01 2.918573009848250965e-01 3.098278378141998135e-01 3.014215109335148801e-01 1.927089896796496948e-01 -1.300832650733164397e-01 -4.213937903917482353e-01 -4.237780908386436507e-01 -3.577390519083337717e-01 1.587163388383351914e-01 3.105993484185619602e-01 3.037964951812033298e-01 4.580735108070262129e-02 4.056140885853577738e-02 -4.074081769544151688e-01 3.040562319906408018e-01 2.621324796148630232e-02 -2.349153248596868859e-01 1.684529131666754331e-01 3.133742532934086777e-01 3.127239120560199037e-01 9.067638897770789741e-02 2.952431075407961347e-01 3.969437635422857769e-01 -4.231651319526471555e-01 -3.246123520693365294e-01 3.132353331872522184e-01 -4.418723611939217449e-02
1.953839878693094112e-01 1.968158171546905144e-01 9.803336504171776822e-01 9.317301281062617679e-01 -3.102527681748760702e-01 -3.033927834193519413e-01 -5.071474938307364289e-01 -5.115236975894731364e-01 -3.831358926059119652e-01 -3.923944606878728703e-01 2.808568681489200247e-01 2.038551167034690914e-01 1.726150870323181152e+00 8.073482887817209352e-01 -3.106359960539283871e-01 -3.062493299389844603e-01 -2.957144131770202411e-01 -3.020353808673834073e-01 -3.045148123452982025e-01 7.882310365679333630e-01 -4.464171602390965554e-01 -4.220450720656500065e-01 -5.415089280340362743e-01 2.124790370823521346e-01 2.239147156919355786e-01 2.106162380705628445e-01 2.270723635332576040e-01 7.170449298246274195e-01 3.197793312744043326e-01 -2.918185961445864951e-01 -2.834400121410353690e-01 -3.023269161864171051e-01 -3.000887948400129401e-01 -2.972683081829262108e-01 -2.722751792471994059e-01 -2.800657847096308384e-01 1.995921179899862452e-01 2.663499296083269852e-01 -5.597884864238584779e-01 -2.723078594160265320e-01 -2.897481076066266703e-01 -2.019301901045389147e-01 3.527563841532685984e-01 3.868602856952083058e-01 -1.801417896130667884e-01 3.637129764839147628e-02 5.698548233460543067e-02 -4.145155259015024241e-01 5.658740510995583506e-01 5.938284676715543942e-01 3.165589239901592800e-01 -3.586473372480570854e-01 2.186485504111588540e-01 2.162679970159949450e-01 -3.864692110490005050e-01 6.971432360044238496e-02 4.977930893903714238e-01 5.246858119164591328e-01 -2.829964787705861462e-01 9.903403357452394973e-02 6.549897856839230481e-02 -3.970680774938495361e-01 -4.082533061045615086e-01 5.286699712038339660e-01 5.735471901637864134e-01 5.501547723391289058e-01 3.133443356568385019e-01 -1.246144210296651345e-01 -4.170727197235868933e-01 -4.169975729684690657e-01 -3.473571911888622132e-01 1.437994434496716045e-01 5.726795787032509244e-01 5.459397358878096407e-01 8.798973819187914935e-02 5.822438988593445219e-02 -4.033635358437972496e-01 5.713612630438544837e-01 5.529646203081622219e-02 -2.306073615254256304e-01 3.057219801643130674e-01 5.779035859784678042e-01 5.397468438950623337e-01 1.525947436887305497e-01 5.170788560718343474e-01 2.648827604821053505e-01 -4.181936024925329565e-01 -3.293594992551742706e-01 5.753406613713821782e-01 -3.975448494173055430e-02
2.184480611020411245e-01 2.197004874282446896e-01 8.483851764635073067e-01 8.448530732524808240e-01 -3.007165362124483710e-01 -2.934176614917580195e-01 -5.008804249080253124e-01 -5.067058413333133116e-01 -3.759346763393696667e-01 -3.856173812886989349e-01 2.811659190980085321e-01 2.195572912748181282e-01 8.073482887817209352e-01 1.425725221633911133e+00 -2.995948599501944698e-01 -2.984597824676301636e-01 -2.827740361466178354e-01 -2.918817523341634135e-01 -2.918070464086610638e-01 8.190035299284516013e-01 -4.406864634038535344e-01 -4.160593993808165969e-01 -5.345646860446744419e-01 2.283594684558784838e-01 2.400532528053221093e-01 2.238121052517736687e-01 2.439483351217301144e-01 7.490191834942107052e-01 3.383263850748963741e-01 -2.804753154224064460e-01 -2.735263418618386067e-01 -2.900653873752040979e-01 -2.880307529793028620e-01 -2.868331658572643161e-01 -2.597776008712203710e-01 -2.687261187902977300e-01 2.154078061873199168e-01 2.871224970282206246e-01 -5.521079414220905202e-01 -2.615506175846580850e-01 -2.806775386613450385e-01 -1.979179499706583689e-01 3.346573895739446414e-01 3.665095922173235987e-01 -1.767785535334080727e-01 3.784323875520061164e-02 5.389056087398527012e-02 -4.066843935030883816e-01 5.438699526772347026e-01 5.611671663519338660e-01 3.012133511890879300e-01 -3.521125084169067776e-01 2.086902240919145113e-01 2.052473888780216305e-01 -3.782637849184077306e-01 6.608665587594138302e-02 4.737510062670688971e-01 4.969728524191788788e-01 -2.782447763453884670e-01 9.288329958733645975e-02 6.375975144498070846e-02 -3.886993386850440269e-01 -4.001432461141163355e-01 5.002228246763017472e-01 5.431300642506226017e-01 5.196275565766605986e-01 2.984514654822182367e-01 -1.228087021059194872e-01 -4.094430170708036054e-01 -4.097409297249411386e-01 -3.412146125495609805e-01 1.450917648560755835e-01 5.427996183708629907e-01 5.166352051468209305e-01 8.287970006658290645e-02 5.612629806688572420e-02 -3.954622527592407399e-01 5.419094952112972763e-01 5.179125309991385734e-02 -2.264233741733563121e-01 2.892651640685540704e-01 5.477542493623840381e-01 5.124473825770969881e-01 1.452034269976752445e-01 4.900015728800680148e-01 2.794701945104839935e-01 -4.104724423888592155e-01 -3.224041777481435611e-01 5.466395382080546650e-01 -3.947681371410353968e-02
-2.169102122941384547e-01 -2.165046931308636236e-01 -2.992784912294890742e-01 -2.970030169203337622e-01 1.818418343308229879e-01 1.790631530156037154e-01 2.231521980117291137e-01 2.452511041900208300e-01 5.297752559515524901e-02 6.056210933679476854e-02 -2.304985647763265755e-01 -2.083377661200222775e-01 -3.106359960539283871e-01 -2.995948599501944698e-01 1.099962115287780762e+00 1.703055730973088433e-01 1.432526677832782758e-01 1.460778860115711231e-01 1.425067840738957481e-01 -3.000591123125709858e-01 1.144676473969657715e-01 8.573251422880444339e-02 2.214199139547612383e-01 -2.206807014668928646e-01 -2.192523400411535150e-01 -2.298447409849755929e-01 -2.384657371940759885e-01 -2.954328699959373195e-01 -2.534168115722593706e-01 1.380354639784602544e-01 1.346898610834204868e-01 1.386346248974924256e-01 1.371684843737069059e-01 1.218500078996667124e-01 1.087480006907506208e-01 1.248819164403349447e-01 -2.090553191794503329e-01 -2.472322365649239628e-01 2.624608425746894902e-01 1.308957140546355979e-01 1.214730765369553961e-01 4.452628185023360663e-02 -1.602573616194692963e-01 -1.765095152190840899e-01 4.441162574082885978e-02 -2.751858118870705028e-02 -2.645053735954580598e-02 8.406196835948373525e-02 -2.631223221070291829e-01 -2.576459839599148371e-01 -1.490527218113559538e-01 8.214732043775438419e-02 -1.044537545046908961e-01 -9.904759643236003830e-02 8.424415589239901692e-02 -3.118545519713430275e-02 -2.304245935668499945e-01 -2.343361922995177427e-01 7.158383056954716051e-02 -4.058421811755644204e-02 -3.733154577903879945e-02 7.945751772017499437e-02 8.523094563947801461e-02 -2.360879757198101059e-01 -2.527073697777560413e-01 -2.418387743855187899e-01 -1.465538938303602989e-01 3.299917150482067907e-02 9.807081351755231324e-02 9.421724265660148812e-02 7.680517817275066272e-02 -9.373477668394561424e-02 -2.533109830759044945e-01 -2.448757818554060106e-01 -3.888984173393922328e-02 -3.021997956196348020e-02 9.155214843896943011e-02 -2.508757815027423121e-01 -2.356227865945006994e-02 5.505587192101085714e-02 -1.365783898504329685e-01 -2.561550688117396612e-01 -2.456774892884281136e-01 -7.197448642762024895e-02 -2.347628272013737860e-01 -2.157853914472941670e-01 9.902661294266346115e-02 8.193996153379552727e-02 -2.557229676226517312e-01 1.189799132165185805e-02
-2.150668391740710450e-01 -2.126866531369200342e-01 -2.951630528826260091e-01 -2.943492814124604173e-01 1.814634114945793131e-01 1.795963805184814521e-01 2.183629662919340519e-01 2.394658473427025980e-01 4.497090627398113438e-02 5.012514124180880021e-02 -2.272861952854036693e-01 -2.100114051438115581e-01 -3.062493299389844603e-01 -2.984597824676301636e-01 1.703055730973088433e-01 1.118319749832153320e+00 1.348893952617046810e-01 1.531980190175071532e-01 1.506364168992679609e-01 -2.972354222936118284e-01 1.070746114704100999e-01 7.669684429474785126e-02 2.184048451054041162e-01 -2.179624285033140985e-01 -2.243948673091102075e-01 -2.224580383105622394e-01 -2.266957774870783926e-01 -2.955952716262780777e-01 -2.470680422274803001e-01 1.472794259058284594e-01 1.252282909635336339e-01 1.279023781053213737e-01 1.316978476229526684e-01 1.386742848685645901e-01 1.060237985688437107e-01 1.033153928414913131e-01 -2.070724969576878682e-01 -2.453678211778779206e-01 2.594884460321102426e-01 1.082011735942355057e-01 1.279357782958538137e-01 4.065465534294898653e-02 -1.586782217709171994e-01 -1.746473627573974785e-01 4.130622355610080038e-02 -2.726174467078138972e-02 -2.626166391079583565e-02 7.681043139233506567e-02 -2.597587921409601486e-01 -2.547839123757683621e-01 -1.475209270635058079e-01 7.526331781534717491e-02 -1.033679617731366185e-01 -9.791017520567346644e-02 7.710924040002407887e-02 -3.085370887000910348e-02 -2.281238156377664306e-01 -2.315841958703551973e-01 6.638746331122052924e-02 -4.013482906038166875e-02 -3.703258982814463390e-02 7.237411316836822595e-02 7.885731350438619780e-02 -2.336174343058073921e-01 -2.500153996479005936e-01 -2.392948936178216357e-01 -1.450164564634320585e-01 3.065981914759304677e-02 9.096110613202224027e-02 8.828682061690754090e-02 7.081147504175537566e-02 -9.256405077980996154e-02 -2.506240090150244071e-01 -2.421438725623885624e-01 -3.849505677180119906e-02 -2.993740777844444353e-02 8.421806612632319611e-02 -2.480020720167472881e-01 -2.343140002019587428e-02 5.084396168638134761e-02 -1.352165790023097114e-01 -2.529293715721089297e-01 -2.429985530208701727e-01 -7.114677739444540128e-02 -2.319836903622185253e-01 -2.129517092903842335e-01 9.178414237127305308e-02 7.613750498431351432e-02 -2.532000997332922165e-01 1.116804635805380454e-02
-1.987393624874921882e-01 -1.947551444228353135e-01 -2.841111605362744985e-01 -2.824953142750739055e-01 1.743081296739694697e-01 1.702581986079658716e-01 1.915044227553661382e-01 2.176653093424844032e-01 2.045080588355891252e-02 2.462580031147257320e-02 -2.078496795697691024e-01 -1.995351481093464441e-01 -2.957144131770202411e-01 -2.827740361466178354e-01 1.432526677832782758e-01 1.348893952617046810e-01 1.087898373603820801e+00 1.350794075202946254e-01 1.382333230042056271e-01 -2.853436613638586361e-01 7.981827798315865863e-02 5.419395083609507974e-02 1.845814287534702225e-01 -2.002961228858987086e-01 -2.069509455383810870e-01 -2.012205278952278464e-01 -2.131975893555752843e-01 -2.823481359607875607e-01 -2.317829512496520361e-01 1.181079301956296096e-01 1.204605056045313927e-01 1.434272803939676544e-01 1.430205856850515767e-01 1.346170801139056628e-01 1.232887288213697224e-01 1.355577370417252736e-01 -1.934034285729064051e-01 -2.268594869119450463e-01 2.367763752473348027e-01 1.129443606606942707e-01 1.204602851897236676e-01 2.734993998251728647e-02 -1.494451189464101604e-01 -1.650123555724625213e-01 2.959989209372672347e-02 -2.524344852250370516e-02 -2.491628498658937652e-02 4.928993075801063606e-02 -2.457365457625811656e-01 -2.410928318988541652e-01 -1.392840403926886572e-01 5.149644094740514488e-02 -9.738368504875222209e-02 -9.235464201813914364e-02 5.206408622251103985e-02 -2.906042685179002771e-02 -2.150898651743193002e-01 -2.183699460941790627e-01 4.779561387463605177e-02 -3.776341553257860084e-02 -3.494878088863726667e-02 4.632096533927187315e-02 5.115602864475574801e-02 -2.205961503466448981e-01 -2.363407915042846363e-01 -2.256450600985953625e-01 -1.365688091534566773e-01 2.261053854038140229e-02 6.380707450420186611e-02 6.081838196017063519e-02 4.748723519071112315e-02 -8.599097263235704058e-02 -2.362269546032486345e-01 -2.286246274695862835e-01 -3.662142437221160840e-02 -2.823827594535029475e-02 5.742399392101837918e-02 -2.345753717545535910e-01 -2.226322541745976921e-02 3.566936465167171860e-02 -1.277152018505909592e-01 -2.391834665853502517e-01 -2.292993025017492081e-01 -6.731461615848612079e-02 -2.187583022910914443e-01 -1.969474047949096029e-01 6.461848753592466799e-02 5.546082167936569607e-02 -2.393150101426077814e-01 8.433979755105630235e-03
