9.931166172027587891e-01 6.067221239209175110e-02 2.754466980695724487e-02 1.249730214476585388e-02 -3.652084246277809143e-02 -4.414257034659385681e-02 -9.729797393083572388e-02 -1.068712770938873291e-01 -5.607638508081436157e-02 -7.592573761940002441e-02 1.790575534105300903e-01 1.813499927520751953e-01 1.909332722425460815e-02 2.766990847885608673e-02 -9.258088469505310059e-02 -9.027872979640960693e-02 -8.380476385354995728e-02 -7.975809276103973389e-02 -8.163732290267944336e-02 2.936446107923984528e-02 -1.576657444238662720e-01 -1.435247212648391724e-01 -2.088513374328613281e-01 1.943182647228240967e-01 1.916048526763916016e-01 2.043765038251876831e-01 2.040323615074157715e-01 3.468676656484603882e-02 1.749146133661270142e-01 -7.807037979364395142e-02 -7.421946525573730469e-02 -8.432745188474655151e-02 -8.654399961233139038e-02 -8.387783914804458618e-02 -6.015807762742042542e-02 -7.641600072383880615e-02 1.828526705503463745e-01 1.891920864582061768e-01 -2.221136689186096191e-01 -6.777046620845794678e-02 -7.608897238969802856e-02 -1.334000676870346069e-01 7.428695261478424072e-02 8.353539556264877319e-02 -1.336748301982879639e-01 6.497785449028015137e-02 1.779151707887649536e-02 -1.362385153770446777e-01 1.002372726798057556e-01 8.855380117893218994e-02 9.245630353689193726e-02 -1.350925862789154053e-01 7.313959300518035889e-02 7.359383255243301392e-02 -1.359840035438537598e-01 1.191746536642313004e-02 1.140732541680335999e-01 8.490023761987686157e-02 -1.388037800788879395e-01 4.169652238488197327e-03 3.663121163845062256e-02 -1.279980689287185669e-01 -1.327316612005233765e-01 9.082081913948059082e-02 8.824644982814788818e-02 8.729118108749389648e-02 8.642191439867019653e-02 -1.146673038601875305e-01 -1.390132308006286621e-01 -1.382738202810287476e-01 -1.324990987777709961e-01 1.331656575202941895e-01 8.943146467208862305e-02 8.576864004135131836e-02 3.689565882086753845e-02 5.219912901520729065e-02 -1.366145014762878418e-01 8.988699316978454590e-02 2.566795609891414642e-02 -1.295528411865234375e-01 7.919435948133468628e-02 9.864119440317153931e-02 9.325020015239715576e-02 7.251917570829391479e-02 8.049473911523818970e-02 1.567357927560806274e-01 -1.383236646652221680e-01 -1.362128108739852905e-01 9.305522590875625610e-02 -7.571919262409210205e-02
6.067221239209175110e-02 9.831498861312866211e-01 5.816673114895820618e-02 5.520344898104667664e-02 -4.341901093721389771e-02 -4.966260492801666260e-02 -8.819837123155593872e-02 -9.605290740728378296e-02 -4.360486939549446106e-02 -6.238037720322608948e-02 1.454641669988632202e-01 1.401468217372894287e-01 1.140620931982994080e-01 1.154473721981048584e-01 -1.099985092878341675e-01 -1.081433445215225220e-01 -1.039859056472778320e-01 -1.012205481529235840e-01 -9.948150813579559326e-02 1.169865876436233521e-01 -1.323073655366897583e-01 -1.156918033957481384e-01 -1.941663473844528198e-01 1.480619758367538452e-01 1.486618071794509888e-01 1.552738249301910400e-01 1.572374552488327026e-01 1.178085356950759888e-01 1.542986780405044556e-01 -9.881650656461715698e-02 -9.418378770351409912e-02 -1.038398370146751404e-01 -1.049297675490379333e-01 -1.049397066235542297e-01 -8.391807973384857178e-02 -9.593020379543304443e-02 1.414682567119598389e-01 1.603128761053085327e-01 -2.113564908504486084e-01 -9.108152985572814941e-02 -9.575810283422470093e-02 -1.072398945689201355e-01 1.196973398327827454e-01 1.234229132533073425e-01 -1.080301925539970398e-01 6.343614310026168823e-02 2.839265018701553345e-02 -1.088649556040763855e-01 1.327023357152938843e-01 1.270562708377838135e-01 1.231047883629798889e-01 -1.090103536844253540e-01 1.126483231782913208e-01 8.922501653432846069e-02 -1.095810756087303162e-01 1.608052849769592285e-02 1.284198611974716187e-01 1.200820729136466980e-01 -1.125969514250755310e-01 2.949007600545883179e-02 5.031520500779151917e-02 -1.005013957619667053e-01 -1.043396890163421631e-01 1.255312711000442505e-01 1.251104772090911865e-01 1.253946870565414429e-01 1.215588971972465515e-01 -8.676524460315704346e-02 -1.125808954238891602e-01 -1.121142804622650146e-01 -1.070865616202354431e-01 1.284801810979843140e-01 1.249488294124603271e-01 1.227094233036041260e-01 6.148046627640724182e-02 5.672160163521766663e-02 -1.107872948050498962e-01 1.239478364586830139e-01 5.025620013475418091e-02 -1.032998785376548767e-01 1.160370409488677979e-01 1.312191039323806763e-01 1.260870397090911865e-01 1.023072302341461182e-01 1.219912320375442505e-01 1.399174630641937256e-01 -1.117975190281867981e-01 -1.100557819008827209e-01 1.281635612249374390e-01 -5.797929316759109497e-02
2.754466980695724487e-02 5.816673114895820618e-02 1.021678209304809570e+00 1.658855676651000977e-01 -5.817081406712532043e-02 -5.423082038760185242e-02 -1.258133649826049805e-01 -1.167421340942382812e-01 -9.695275872945785522e-02 -1.032830029726028442e-01 1.294427365064620972e-01 1.063724905252456665e-01 3.577168285846710205e-01 3.414393365383148193e-01 -1.374693661928176880e-01 -1.347928196191787720e-01 -1.286101937294006348e-01 -1.273727267980575562e-01 -1.270055770874023438e-01 3.439435660839080811e-01 -2.489206343889236450e-01 -2.428756803274154663e-01 -2.635086774826049805e-01 1.045884639024734497e-01 1.107507422566413879e-01 1.011146679520606995e-01 1.088355258107185364e-01 3.340695798397064209e-01 1.642540544271469116e-01 -1.213365793228149414e-01 -1.158034056425094604e-01 -1.290863007307052612e-01 -1.245503872632980347e-01 -1.305452585220336914e-01 -1.167780458927154541e-01 -1.210843548178672791e-01 1.090051308274269104e-01 1.448227912187576294e-01 -2.560909390449523926e-01 -1.208173930644989014e-01 -1.171357259154319763e-01 -2.116335332393646240e-01 2.493440806865692139e-01 2.421231567859649658e-01 -2.119187861680984497e-01 7.975140213966369629e-02 4.729276150465011597e-02 -2.219339162111282349e-01 2.350886315107345581e-01 2.413329929113388062e-01 2.222033143043518066e-01 -2.156496047973632812e-01 2.226356416940689087e-01 1.338430941104888916e-01 -2.198934406042098999e-01 2.085984125733375549e-02 1.955257505178451538e-01 2.267498970031738281e-01 -2.199151962995529175e-01 9.956505894660949707e-02 8.183605223894119263e-02 -2.090345174074172974e-01 -2.177777588367462158e-01 2.327259331941604614e-01 2.340963631868362427e-01 2.418859302997589111e-01 2.285035103559494019e-01 -1.682714670896530151e-01 -2.221323251724243164e-01 -2.222846746444702148e-01 -2.137145102024078369e-01 1.544879078865051270e-01 2.335269451141357422e-01 2.325052171945571899e-01 1.217047423124313354e-01 7.983129471540451050e-02 -2.150446474552154541e-01 2.268718034029006958e-01 1.138385906815528870e-01 -2.047716081142425537e-01 2.215577065944671631e-01 2.345573902130126953e-01 2.294841855764389038e-01 1.832672506570816040e-01 2.437930554151535034e-01 1.456638276576995850e-01 -2.214010059833526611e-01 -2.182845920324325562e-01 2.357863634824752808e-01 -7.412014156579971313e-02
1.249730214476585388e-02 5.520344898104667664e-02 1.658855676651000977e-01 1.050046563148498535e+00 -6.196776404976844788e-02 -5.762019008398056030e-02 -1.164576187729835510e-01 -1.069991141557693481e-01 -8.453527092933654785e-02 -9.070675075054168701e-02 1.060936823487281799e-01 7.780976593494415283e-02 4.121486246585845947e-01 3.917882740497589111e-01 -1.481110751628875732e-01 -1.466079652309417725e-01 -1.420557945966720581e-01 -1.403644382953643799e-01 -1.382427960634231567e-01 3.945601582527160645e-01 -2.225851267576217651e-01 -2.145692408084869385e-01 -2.469706684350967407e-01 7.391098141670227051e-02 8.074981719255447388e-02 6.759949028491973877e-02 7.694315910339355469e-02 3.804621100425720215e-01 1.503306776285171509e-01 -1.346491128206253052e-01 -1.283203810453414917e-01 -1.407586634159088135e-01 -1.356657296419143677e-01 -1.434700191020965576e-01 -1.303896754980087280e-01 -1.322906911373138428e-01 7.999272644519805908e-02 1.231934130191802979e-01 -2.441260814666748047e-01 -1.336586326360702515e-01 -1.298305243253707886e-01 -1.859074383974075317e-01 2.735988497734069824e-01 2.629747986793518066e-01 -1.865289658308029175e-01 7.721211761236190796e-02 5.363110452890396118e-02 -1.943610906600952148e-01 2.504269182682037354e-01 2.609307169914245605e-01 2.374430447816848755e-01 -1.899302899837493896e-01 2.439357042312622070e-01 1.418687403202056885e-01 -1.936642676591873169e-01 2.347541600465774536e-02 2.009901553392410278e-01 2.449322640895843506e-01 -1.939422041177749634e-01 1.135032698512077332e-01 8.951312303543090820e-02 -1.820906102657318115e-01 -1.905167698860168457e-01 2.500305473804473877e-01 2.521948814392089844e-01 2.613407373428344727e-01 2.466612905263900757e-01 -1.427202671766281128e-01 -1.958850026130676270e-01 -1.961741745471954346e-01 -1.884199529886245728e-01 1.486854106187820435e-01 2.512753307819366455e-01 2.513348758220672607e-01 1.354789584875106812e-01 8.132247626781463623e-02 -1.895803958177566528e-01 2.436961233615875244e-01 1.274667978286743164e-01 -1.791461110115051270e-01 2.411293685436248779e-01 2.510717511177062988e-01 2.461964637041091919e-01 1.993095576763153076e-01 2.652579545974731445e-01 1.325252801179885864e-01 -1.950863599777221680e-01 -1.923446357250213623e-01 2.524375617504119873e-01 -5.998557433485984802e-02
-3.652084246277809143e-02 -4.341901093721389771e-02 -5.817081406712532043e-02 -6.196776404976844788e-02 1.046732664108276367e+00 4.316885024309158325e-02 6.091559678316116333e-02 6.763491779565811157e-02 2.124703675508499146e-02 3.693798184394836426e-02 -9.724757075309753418e-02 -8.793292194604873657e-02 -1.326816827058792114e-01 -1.298767328262329102e-01 9.715637564659118652e-02 9.552414715290069580e-02 9.515503048896789551e-02 9.136552363634109497e-02 8.993564546108245850e-02 -1.313553005456924438e-01 7.692693918943405151e-02 6.061119586229324341e-02 1.385993510484695435e-01 -9.260226786136627197e-02 -9.497667104005813599e-02 -9.635311365127563477e-02 -9.957262128591537476e-02 -1.298350840806961060e-01 -1.104057431221008301e-01 9.084856510162353516e-02 8.651462197303771973e-02 9.473223984241485596e-02 9.435873478651046753e-02 9.598831832408905029e-02 7.931473106145858765e-02 8.657202869653701782e-02 -9.073163568973541260e-02 -1.096782535314559937e-01 1.583515852689743042e-01 8.337081223726272583e-02 8.694919198751449585e-02 5.816255882382392883e-02 -1.135894507169723511e-01 -1.139816790819168091e-01 5.909287557005882263e-02 -4.826400429010391235e-02 -2.799720875918865204e-02 5.712729319930076599e-02 -1.167704612016677856e-01 -1.158177107572555542e-01 -1.092586591839790344e-01 5.940576642751693726e-02 -1.059292703866958618e-01 -7.758436352014541626e-02 5.928197130560874939e-02 -1.520906854420900345e-02 -1.061310395598411560e-01 -1.092209666967391968e-01 6.194495782256126404e-02 -3.365800157189369202e-02 -4.634756222367286682e-02 5.085302516818046570e-02 5.423281341791152954e-02 -1.129271313548088074e-01 -1.130227297544479370e-01 -1.145253777503967285e-01 -1.103072836995124817e-01 4.272468760609626770e-02 6.174146011471748352e-02 6.095094233751296997e-02 5.832324549555778503e-02 -9.733550250530242920e-02 -1.134989857673645020e-01 -1.123711466789245605e-01 -5.974322184920310974e-02 -4.619187861680984497e-02 6.122742220759391785e-02 -1.111902743577957153e-01 -5.048064887523651123e-02 5.512640252709388733e-02 -1.073110699653625488e-01 -1.165488585829734802e-01 -1.128559559583663940e-01 -9.398012608289718628e-02 -1.134660318493843079e-01 -1.003309190273284912e-01 6.079990416765213013e-02 5.998175591230392456e-02 -1.151223033666610718e-01 3.300487995147705078e-02
-4.414257034659385681e-02 -4.966260492801666260e-02 -5.423082038760185242e-02 -5.762019008398056030e-02 4.316885024309158325e-02 1.054991960525512695e+00 5.839261785149574280e-02 7.046338915824890137e-02 6.185950711369514465e-03 2.754058316349983215e-02 -1.075884252786636353e-01 -9.920851141214370728e-02 -1.230417191982269287e-01 -1.220041140913963318e-01 1.137644648551940918e-01 1.133965924382209778e-01 1.117207109928131104e-01 1.079403087496757507e-01 1.051989048719406128e-01 -1.236631125211715698e-01 4.917993769049644470e-02 2.764227241277694702e-02 1.386277377605438232e-01 -1.060310527682304382e-01 -1.076105311512947083e-01 -1.112810298800468445e-01 -1.142253279685974121e-01 -1.235669776797294617e-01 -1.205239519476890564e-01 1.084607616066932678e-01 1.030898168683052063e-01 1.111961379647254944e-01 1.113587245345115662e-01 1.109268888831138611e-01 9.166900813579559326e-02 1.010272353887557983e-01 -1.014401242136955261e-01 -1.216639056801795959e-01 1.721134036779403687e-01 9.926540404558181763e-02 1.045898348093032837e-01 3.093792870640754700e-02 -1.142790317535400391e-01 -1.157692223787307739e-01 3.242863342165946960e-02 -5.197335034608840942e-02 -3.152776136994361877e-02 2.677587047219276428e-02 -1.208848357200622559e-01 -1.183690428733825684e-01 -1.121643632650375366e-01 3.198515996336936951e-02 -1.085016503930091858e-01 -8.467129617929458618e-02 3.083008527755737305e-02 -1.807011477649211884e-02 -1.118918508291244507e-01 -1.118071451783180237e-01 3.481612354516983032e-02 -2.930441312491893768e-02 -5.076026916503906250e-02 2.099906839430332184e-02 2.314282208681106567e-02 -1.157249063253402710e-01 -1.159423291683197021e-01 -1.165166348218917847e-01 -1.129218414425849915e-01 1.841718330979347229e-02 3.338210657238960266e-02 3.275009989738464355e-02 3.066572546958923340e-02 -1.060499027371406555e-01 -1.163284629583358765e-01 -1.151835322380065918e-01 -6.246606633067131042e-02 -4.972862079739570618e-02 3.488220274448394775e-02 -1.143301948904991150e-01 -5.067070201039314270e-02 2.810948900878429413e-02 -1.105588972568511963e-01 -1.203692480921745300e-01 -1.161362454295158386e-01 -9.891344606876373291e-02 -1.149665638804435730e-01 -1.116712093353271484e-01 3.234913572669029236e-02 3.211597353219985962e-02 -1.184581592679023743e-01 2.834675088524818420e-02
-9.729797393083572388e-02 -8.819837123155593872e-02 -1.258133649826049805e-01 -1.164576187729835510e-01 6.091559678316116333e-02 5.839261785149574280e-02 1.194187164306640625e+00 1.889522969722747803e-01 1.692663282155990601e-01 1.796207427978515625e-01 -2.620785236358642578e-01 -2.530457675457000732e-01 -2.404537945985794067e-01 -2.380678057670593262e-01 1.374485343694686890e-01 1.346036493778228760e-01 1.198341324925422668e-01 1.167719140648841858e-01 1.228087022900581360e-01 -2.418527454137802124e-01 4.152049720287322998e-01 4.138923585414886475e-01 4.036519229412078857e-01 -2.607528567314147949e-01 -2.644889950752258301e-01 -2.671668827533721924e-01 -2.717120647430419922e-01 -2.413814663887023926e-01 -2.761012017726898193e-01 1.091853678226470947e-01 1.032258048653602600e-01 1.201963797211647034e-01 1.193577796220779419e-01 1.209994629025459290e-01 9.540496021509170532e-02 1.161145344376564026e-01 -2.550681531429290771e-01 -2.779642343521118164e-01 3.768399953842163086e-01 1.029728055000305176e-01 1.048623025417327881e-01 3.654154241085052490e-01 -2.234474718570709229e-01 -2.279432564973831177e-01 3.645820021629333496e-01 -1.131185814738273621e-01 -3.648636862635612488e-02 3.844797015190124512e-01 -2.398962825536727905e-01 -2.328037619590759277e-01 -2.250715345144271851e-01 3.707994222640991211e-01 -2.020166367292404175e-01 -1.417361050844192505e-01 3.774156570434570312e-01 -1.719434931874275208e-02 -2.300134003162384033e-01 -2.191427052021026611e-01 3.770587444305419922e-01 -7.113010436296463013e-02 -7.591745257377624512e-02 3.662423491477966309e-01 3.780605792999267578e-01 -2.292410284280776978e-01 -2.274355292320251465e-01 -2.325517982244491577e-01 -2.218334227800369263e-01 3.100363910198211670e-01 3.807500898838043213e-01 3.811100125312805176e-01 3.664463162422180176e-01 -2.235251814126968384e-01 -2.271760106086730957e-01 -2.222157567739486694e-01 -1.024227812886238098e-01 -9.738044440746307373e-02 3.689232766628265381e-01 -2.238813936710357666e-01 -9.187766164541244507e-02 3.562662303447723389e-01 -2.073182612657546997e-01 -2.371277660131454468e-01 -2.287094295024871826e-01 -1.728644073009490967e-01 -2.256952673196792603e-01 -2.425733506679534912e-01 3.802312612533569336e-01 3.747210800647735596e-01 -2.328953891992568970e-01 1.496645808219909668e-01
-1.068712770938873291e-01 -9.605290740728378296e-02 -1.167421340942382812e-01 -1.069991141557693481e-01 6.763491779565811157e-02 7.046338915824890137e-02 1.889522969722747803e-01 1.189334988594055176e+00 1.412400454282760620e-01 1.606360673904418945e-01 -2.722021043300628662e-01 -2.635537087917327881e-01 -2.199680954217910767e-01 -2.201513051986694336e-01 1.601551771163940430e-01 1.568057686090469360e-01 1.443025022745132446e-01 1.396811902523040771e-01 1.439675092697143555e-01 -2.239269465208053589e-01 3.633431196212768555e-01 3.512973189353942871e-01 3.952437639236450195e-01 -2.747301161289215088e-01 -2.777964770793914795e-01 -2.830761969089508057e-01 -2.872071266174316406e-01 -2.248882502317428589e-01 -2.857098281383514404e-01 1.339685022830963135e-01 1.274542212486267090e-01 1.443432122468948364e-01 1.440686136484146118e-01 1.449601799249649048e-01 1.147448718547821045e-01 1.357801407575607300e-01 -2.664159536361694336e-01 -2.913569509983062744e-01 3.902100324630737305e-01 1.239342167973518372e-01 1.292545795440673828e-01 3.135614097118377686e-01 -2.194483131170272827e-01 -2.255445867776870728e-01 3.134355247020721436e-01 -1.162620931863784790e-01 -4.123272374272346497e-02 3.268847167491912842e-01 -2.403275072574615479e-01 -2.316140383481979370e-01 -2.247003316879272461e-01 3.181328773498535156e-01 -2.015209794044494629e-01 -1.496893167495727539e-01 3.228328227996826172e-01 -2.136198058724403381e-02 -2.336705774068832397e-01 -2.181110978126525879e-01 3.246484994888305664e-01 -6.271744519472122192e-02 -8.113959431648254395e-02 3.094127178192138672e-01 3.204835653305053711e-01 -2.284927219152450562e-01 -2.266553193330764771e-01 -2.301862686872482300e-01 -2.208552956581115723e-01 2.638881206512451172e-01 3.270082473754882812e-01 3.259721398353576660e-01 3.138442635536193848e-01 -2.319703847169876099e-01 -2.268157899379730225e-01 -2.222143411636352539e-01 -1.044197902083396912e-01 -1.006383597850799561e-01 3.182671666145324707e-01 -2.242577821016311646e-01 -9.010729193687438965e-02 3.048916161060333252e-01 -2.074796557426452637e-01 -2.378546744585037231e-01 -2.290371805429458618e-01 -1.768777370452880859e-01 -2.230177670717239380e-01 -2.536539137363433838e-01 3.262485861778259277e-01 3.214004337787628174e-01 -2.328703403472900391e-01 1.387401521205902100e-01
-5.607638508081436157e-02 -4.360486939549446106e-02 -9.695275872945785522e-02 -8.453527092933654785e-02 2.124703675508499146e-02 6.185950711369514465e-03 1.692663282155990601e-01 1.412400454282760620e-01 1.180823445320129395e+00 1.866144388914108276e-01 -1.764097809791564941e-01 -1.737132817506790161e-01 -1.708416938781738281e-01 -1.674041152000427246e-01 2.870316989719867706e-02 2.380371466279029846e-02 8.949423208832740784e-03 7.922207005321979523e-03 1.980402693152427673e-02 -1.711355596780776978e-01 4.525558650493621826e-01 4.824078381061553955e-01 3.167898058891296387e-01 -1.730073541402816772e-01 -1.765068620443344116e-01 -1.716466099023818970e-01 -1.743103712797164917e-01 -1.684369891881942749e-01 -1.817699670791625977e-01 -2.847215393558144569e-03 -2.319777151569724083e-03 9.664453566074371338e-03 6.105131935328245163e-03 8.116551674902439117e-03 3.237833501771092415e-03 1.490408182144165039e-02 -1.734169572591781616e-01 -1.779274940490722656e-01 2.434963732957839966e-01 5.473421420902013779e-03 1.390469697071239352e-04 4.146723747253417969e-01 -1.447762697935104370e-01 -1.466737091541290283e-01 4.115188717842102051e-01 -7.298066467046737671e-02 -7.203203625977039337e-03 4.431994557380676270e-01 -1.518812030553817749e-01 -1.487102210521697998e-01 -1.445400416851043701e-01 4.204000532627105713e-01 -1.233566477894783020e-01 -7.068524509668350220e-02 4.297715127468109131e-01 1.250975066795945168e-03 -1.458676457405090332e-01 -1.391242444515228271e-01 4.238232374191284180e-01 -5.943479016423225403e-02 -3.231387212872505188e-02 4.288160502910614014e-01 4.409407079219818115e-01 -1.464564949274063110e-01 -1.444012373685836792e-01 -1.509623676538467407e-01 -1.409907937049865723e-01 3.602429032325744629e-01 4.303803443908691406e-01 4.316301941871643066e-01 4.166488647460937500e-01 -1.388014405965805054e-01 -1.432518810033798218e-01 -1.395265609025955200e-01 -5.386890470981597900e-02 -5.799659341573715210e-02 4.141365289688110352e-01 -1.409570127725601196e-01 -5.652375891804695129e-02 4.068092703819274902e-01 -1.263863593339920044e-01 -1.495800763368606567e-01 -1.449152529239654541e-01 -9.565853327512741089e-02 -1.454255878925323486e-01 -1.517460048198699951e-01 4.310769140720367432e-01 4.246401488780975342e-01 -1.477452069520950317e-01 1.460901349782943726e-01
-7.592573761940002441e-02 -6.238037720322608948e-02 -1.032830029726028442e-01 -9.070675075054168701e-02 3.693798184394836426e-02 2.754058316349983215e-02 1.796207427978515625e-01 1.606360673904418945e-01 1.866144388914108276e-01 1.176684975624084473e+00 -2.148733437061309814e-01 -2.101415991783142090e-01 -1.842236369848251343e-01 -1.820865571498870850e-01 7.233320921659469604e-02 6.792146712541580200e-02 5.404672399163246155e-02 5.104449391365051270e-02 6.099758669734001160e-02 -1.860548406839370728e-01 4.326869547367095947e-01 4.495276510715484619e-01 3.505134880542755127e-01 -2.137905508279800415e-01 -2.168527245521545410e-01 -2.163069099187850952e-01 -2.192390710115432739e-01 -1.848508417606353760e-01 -2.214773148298263550e-01 4.165748506784439087e-02 4.008108749985694885e-02 5.375661700963973999e-02 5.175504088401794434e-02 5.351080372929573059e-02 3.960734978318214417e-02 5.481346696615219116e-02 -2.108543217182159424e-01 -2.216994017362594604e-01 2.978646457195281982e-01 4.432902485132217407e-02 4.251840710639953613e-02 3.898087143898010254e-01 -1.695055365562438965e-01 -1.732625812292098999e-01 3.876851797103881836e-01 -8.906380832195281982e-02 -1.812113635241985321e-02 4.147377908229827881e-01 -1.824945658445358276e-01 -1.768624633550643921e-01 -1.722290962934494019e-01 3.950853645801544189e-01 -1.492687165737152100e-01 -9.765972197055816650e-02 4.031078517436981201e-01 -6.082256790250539780e-03 -1.772909462451934814e-01 -1.660017818212509155e-01 3.998127579689025879e-01 -5.983463674783706665e-02 -4.846797883510589600e-02 3.971287310123443604e-01 4.096637666225433350e-01 -1.744935363531112671e-01 -1.722127646207809448e-01 -1.778832525014877319e-01 -1.681680530309677124e-01 3.362496793270111084e-01 4.051473140716552734e-01 4.042787253856658936e-01 3.913713991641998291e-01 -1.732417345046997070e-01 -1.717538684606552124e-01 -1.675092726945877075e-01 -7.025212049484252930e-02 -7.315529137849807739e-02 3.908266723155975342e-01 -1.693289875984191895e-01 -6.718534231185913086e-02 3.817172348499298096e-01 -1.536057144403457642e-01 -1.796946376562118530e-01 -1.737551391124725342e-01 -1.228375732898712158e-01 -1.714190840721130371e-01 -1.902492344379425049e-01 4.053533375263214111e-01 3.995589315891265869e-01 -1.767538785934448242e-01 1.475463062524795532e-01
1.790575534105300903e-01 1.454641669988632202e-01 1.294427365064620972e-01 1.060936823487281799e-01 -9.724757075309753418e-02 -1.075884252786636353e-01 -2.620785236358642578e-01 -2.722021043300628662e-01 -1.764097809791564941e-01 -2.148733437061309814e-01 1.162824630737304688e+00 3.660963773727416992e-01 2.470266222953796387e-01 2.282672375440597534e-01 -2.373097687959671021e-01 -2.228310257196426392e-01 -2.197409719228744507e-01 -1.987664699554443359e-01 -2.106737494468688965e-01 2.313670516014099121e-01 -4.644938409328460693e-01 -4.441103935241699219e-01 -5.239660143852233887e-01 3.424502313137054443e-01 3.792986571788787842e-01 3.483343124389648438e-01 3.747854828834533691e-01 2.313239723443984985e-01 3.762919902801513672e-01 -1.957554370164871216e-01 -1.899880915880203247e-01 -2.349560111761093140e-01 -2.224659174680709839e-01 -2.191618829965591431e-01 -1.697222143411636353e-01 -2.004404962062835693e-01 3.709828853607177734e-01 3.665190041065216064e-01 -5.334551334381103516e-01 -1.920600682497024536e-01 -1.978419572114944458e-01 -4.026614725589752197e-01 2.661665081977844238e-01 2.808073461055755615e-01 -4.035025537014007568e-01 1.661887317895889282e-01 5.425402149558067322e-02 -4.173538982868194580e-01 2.916662693023681641e-01 2.825618982315063477e-01 2.883538901805877686e-01 -4.081813097000122070e-01 2.487498074769973755e-01 2.050622701644897461e-01 -4.150149524211883545e-01 3.106877394020557404e-02 3.154656589031219482e-01 2.747000455856323242e-01 -4.174426198005676270e-01 5.849484354257583618e-02 1.084065511822700500e-01 -3.979159593582153320e-01 -4.075424373149871826e-01 2.890488505363464355e-01 2.778652012348175049e-01 2.845377027988433838e-01 2.786374688148498535e-01 -3.419657647609710693e-01 -4.181295037269592285e-01 -4.235822558403015137e-01 -4.017657935619354248e-01 3.382332921028137207e-01 2.756686210632324219e-01 2.712645232677459717e-01 1.281075179576873779e-01 1.411511451005935669e-01 -4.093566834926605225e-01 2.804129123687744141e-01 1.042039915919303894e-01 -3.916409909725189209e-01 2.617910802364349365e-01 2.841178178787231445e-01 2.844970226287841797e-01 2.277908921241760254e-01 2.709434032440185547e-01 3.679948449134826660e-01 -4.180336892604827881e-01 -4.116718769073486328e-01 2.843887507915496826e-01 -1.961606442928314209e-01
1.813499927520751953e-01 1.401468217372894287e-01 1.063724905252456665e-01 7.780976593494415283e-02 -8.793292194604873657e-02 -9.920851141214370728e-02 -2.530457675457000732e-01 -2.635537087917327881e-01 -1.737132817506790161e-01 -2.101415991783142090e-01 3.660963773727416992e-01 1.077918410301208496e+00 1.761659383773803711e-01 1.849929243326187134e-01 -2.065676748752593994e-01 -2.016693651676177979e-01 -2.088845074176788330e-01 -1.846159100532531738e-01 -2.054895013570785522e-01 1.860587447881698608e-01 -4.483579993247985840e-01 -4.307184219360351562e-01 -5.004187822341918945e-01 3.708710074424743652e-01 3.848232030868530273e-01 3.644331991672515869e-01 3.772361278533935547e-01 2.006195932626724243e-01 3.550356626510620117e-01 -1.834492534399032593e-01 -1.789895743131637573e-01 -1.900313347578048706e-01 -2.105429768562316895e-01 -1.947738379240036011e-01 -1.562422662973403931e-01 -1.868243664503097534e-01 3.685946464538574219e-01 3.614746332168579102e-01 -5.008619427680969238e-01 -1.765047013759613037e-01 -1.726926267147064209e-01 -3.946802914142608643e-01 2.298253476619720459e-01 2.447606772184371948e-01 -3.947370052337646484e-01 1.592772603034973145e-01 4.656237363815307617e-02 -4.133799076080322266e-01 2.611733973026275635e-01 2.432008087635040283e-01 2.582530677318572998e-01 -3.991302549839019775e-01 2.159228473901748657e-01 1.864868700504302979e-01 -4.047620594501495361e-01 2.759484387934207916e-02 2.931632697582244873e-01 2.449986934661865234e-01 -4.085062444210052490e-01 4.196254909038543701e-02 9.584510326385498047e-02 -3.905147314071655273e-01 -4.013181328773498535e-01 2.550242543220520020e-01 2.483047097921371460e-01 2.512007057666778564e-01 2.462396621704101562e-01 -3.368014395236968994e-01 -4.132274389266967773e-01 -4.120612442493438721e-01 -3.939275145530700684e-01 3.225302100181579590e-01 2.433364391326904297e-01 2.363750785589218140e-01 1.093781664967536926e-01 1.309040188789367676e-01 -4.013484716415405273e-01 2.480591535568237305e-01 8.619946241378784180e-02 -3.851787447929382324e-01 2.271882891654968262e-01 2.559742629528045654e-01 2.587397098541259766e-01 2.005659490823745728e-01 2.368723303079605103e-01 3.641633391380310059e-01 -4.117328226566314697e-01 -4.030636250972747803e-01 2.567366063594818115e-01 -1.952210515737533569e-01
1.909332722425460815e-02 1.140620931982994080e-01 3.577168285846710205e-01 4.121486246585845947e-01 -1.326816827058792114e-01 -1.230417191982269287e-01 -2.404537945985794067e-01 -2.199680954217910767e-01 -1.708416938781738281e-01 -1.842236369848251343e-01 2.470266222953796387e-01 1.761659383773803711e-01 1.587110400199890137e+00 7.281661033630371094e-01 -3.168291449546813965e-01 -3.152877092361450195e-01 -3.038854002952575684e-01 -2.940401732921600342e-01 -2.915799915790557861e-01 7.342963218688964844e-01 -4.361750781536102295e-01 -4.113171100616455078e-01 -5.150252580642700195e-01 1.792947649955749512e-01 1.898098587989807129e-01 1.824421584606170654e-01 2.029373198747634888e-01 6.575194001197814941e-01 2.886644005775451660e-01 -2.937754094600677490e-01 -2.790396809577941895e-01 -3.043074607849121094e-01 -2.962165772914886475e-01 -3.067463040351867676e-01 -2.745173275470733643e-01 -2.836898565292358398e-01 1.847471445798873901e-01 2.373239696025848389e-01 -5.265979766845703125e-01 -2.800979316234588623e-01 -2.779877781867980957e-01 -3.769273757934570312e-01 5.835368633270263672e-01 5.611847639083862305e-01 -3.792417049407958984e-01 1.603003293275833130e-01 1.160618290305137634e-01 -3.903186619281768799e-01 4.581407904624938965e-01 5.115780830383300781e-01 5.027710795402526855e-01 -3.860494792461395264e-01 5.188907384872436523e-01 3.020130395889282227e-01 -3.922171592712402344e-01 5.053345859050750732e-02 4.179468750953674316e-01 5.214285254478454590e-01 -3.927927911281585693e-01 2.459923923015594482e-01 1.928298920392990112e-01 -3.701774775981903076e-01 -3.862232863903045654e-01 5.228815674781799316e-01 5.145956277847290039e-01 5.436367392539978027e-01 5.232295393943786621e-01 -2.872379124164581299e-01 -3.966582119464874268e-01 -3.942056000232696533e-01 -3.833217620849609375e-01 3.077437579631805420e-01 5.046092867851257324e-01 5.098588466644287109e-01 2.912368476390838623e-01 1.714965105056762695e-01 -3.856579065322875977e-01 4.940921962261199951e-01 2.741426825523376465e-01 -3.635799884796142578e-01 5.137874484062194824e-01 4.841698706150054932e-01 5.073134899139404297e-01 4.260816276073455811e-01 5.527655482292175293e-01 2.633037567138671875e-01 -3.964087069034576416e-01 -3.900198936462402344e-01 4.946771264076232910e-01 -1.192262619733810425e-01
2.766990847885608673e-02 1.154473721981048584e-01 3.414393365383148193e-01 3.917882740497589111e-01 -1.298767328262329102e-01 -1.220041140913963318e-01 -2.380678057670593262e-01 -2.201513051986694336e-01 -1.674041152000427246e-01 -1.820865571498870850e-01 2.282672375440597534e-01 1.849929243326187134e-01 7.281661033630371094e-01 1.346123456954956055e+00 -3.057648539543151855e-01 -3.089585304260253906e-01 -2.924171388149261475e-01 -2.896116375923156738e-01 -2.941353321075439453e-01 7.763405442237854004e-01 -4.305191636085510254e-01 -4.027113318443298340e-01 -5.117864012718200684e-01 1.806444227695465088e-01 1.980042159557342529e-01 1.798494160175323486e-01 2.003136873245239258e-01 6.984320282936096191e-01 2.979858815670013428e-01 -2.814560532569885254e-01 -2.655360698699951172e-01 -2.979370057582855225e-01 -2.893362045288085938e-01 -3.074336946010589600e-01 -2.689028680324554443e-01 -2.736482024192810059e-01 1.861363053321838379e-01 2.544305324554443359e-01 -5.231605768203735352e-01 -2.761415243148803711e-01 -2.719890475273132324e-01 -3.710619509220123291e-01 5.628066062927246094e-01 5.360190868377685547e-01 -3.720927238464355469e-01 1.596198976039886475e-01 1.122194230556488037e-01 -3.819608986377716064e-01 4.479534924030303955e-01 5.036692619323730469e-01 4.870775640010833740e-01 -3.785694837570190430e-01 5.022447109222412109e-01 2.940274178981781006e-01 -3.860926628112792969e-01 4.954833164811134338e-02 4.112680852413177490e-01 5.037897229194641113e-01 -3.857471942901611328e-01 2.327613979578018188e-01 1.867111623287200928e-01 -3.623232543468475342e-01 -3.762752115726470947e-01 5.070852041244506836e-01 4.980782270431518555e-01 5.257040262222290039e-01 5.061640143394470215e-01 -2.833760678768157959e-01 -3.916018903255462646e-01 -3.896483480930328369e-01 -3.761523365974426270e-01 3.060847818851470947e-01 4.883869588375091553e-01 4.914826452732086182e-01 2.794399261474609375e-01 1.691368371248245239e-01 -3.774247467517852783e-01 4.795763492584228516e-01 2.629352509975433350e-01 -3.576285243034362793e-01 4.941740930080413818e-01 4.715561866760253906e-01 4.899854362010955811e-01 4.106951355934143066e-01 5.318542122840881348e-01 2.661479115486145020e-01 -3.875344693660736084e-01 -3.820549547672271729e-01 4.800805747509002686e-01 -1.208272278308868408e-01
-9.258088469505310059e-02 -1.099985092878341675e-01 -1.374693661928176880e-01 -1.481110751628875732e-01 9.715637564659118652e-02 1.137644648551940918e-01 1.374485343694686890e-01 1.601551771163940430e-01 2.870316989719867706e-02 7.233320921659469604e-02 -2.373097687959671021e-01 -2.065676748752593994e-01 -3.168291449546813965e-01 -3.057648539543151855e-01 1.136683106422424316e+00 2.085940837860107422e-01 2.014004588127136230e-01 1.822979152202606201e-01 1.720422953367233276e-01 -3.077608048915863037e-01 1.400239616632461548e-01 1.069525778293609619e-01 2.726396322250366211e-01 -2.280224561691284180e-01 -2.319026738405227661e-01 -2.400791198015213013e-01 -2.422214597463607788e-01 -3.057041168212890625e-01 -2.631369829177856445e-01 1.819912791252136230e-01 1.828340590000152588e-01 1.887915283441543579e-01 1.839526891708374023e-01 1.714135110378265381e-01 1.492261290550231934e-01 1.733814179897308350e-01 -2.187914848327636719e-01 -2.730922400951385498e-01 3.204323053359985352e-01 1.890530884265899658e-01 1.597263514995574951e-01 9.750340133905410767e-02 -2.771295905113220215e-01 -2.779189646244049072e-01 9.816764295101165771e-02 -1.182151660323143005e-01 -7.289133220911026001e-02 9.759575873613357544e-02 -2.885896861553192139e-01 -2.816089093685150146e-01 -2.666884660720825195e-01 9.877289086580276489e-02 -2.601009011268615723e-01 -1.952599585056304932e-01 9.818006306886672974e-02 -4.043460264801979065e-02 -2.604478001594543457e-01 -2.678107321262359619e-01 1.057591661810874939e-01 -7.802125811576843262e-02 -1.179538145661354065e-01 8.208714425563812256e-02 8.063283562660217285e-02 -2.763039767742156982e-01 -2.761576771736145020e-01 -2.769475579261779785e-01 -2.690619230270385742e-01 6.383518874645233154e-02 1.074176430702209473e-01 1.080052256584167480e-01 9.522721171379089355e-02 -2.407546490430831909e-01 -2.802195250988006592e-01 -2.750122845172882080e-01 -1.490888148546218872e-01 -1.144385412335395813e-01 1.062026619911193848e-01 -2.708677053451538086e-01 -1.235461235046386719e-01 9.030246734619140625e-02 -2.638169825077056885e-01 -2.866711318492889404e-01 -2.759278416633605957e-01 -2.336883544921875000e-01 -2.781247496604919434e-01 -2.513682246208190918e-01 1.033549234271049500e-01 1.006619632244110107e-01 -2.815527915954589844e-01 6.740524619817733765e-02
-9.027872979640960693e-02 -1.081433445215225220e-01 -1.347928196191787720e-01 -1.466079652309417725e-01 9.552414715290069580e-02 1.133965924382209778e-01 1.346036493778228760e-01 1.568057686090469360e-01 2.380371466279029846e-02 6.792146712541580200e-02 -2.228310257196426392e-01 -2.016693651676177979e-01 -3.152877092361450195e-01 -3.089585304260253906e-01 2.085940837860107422e-01 1.169446349143981934e+00 1.781132668256759644e-01 1.978592425584793091e-01 1.875871121883392334e-01 -3.037388026714324951e-01 1.340272426605224609e-01 9.377153217792510986e-02 2.661842405796051025e-01 -2.263521999120712280e-01 -2.366933673620223999e-01 -2.412907630205154419e-01 -2.421159595251083374e-01 -3.078352808952331543e-01 -2.631873786449432373e-01 1.882273703813552856e-01 1.877761483192443848e-01 1.769257634878158569e-01 1.757632493972778320e-01 1.806170195341110229e-01 1.417502760887145996e-01 1.363591402769088745e-01 -2.075777649879455566e-01 -2.602275311946868896e-01 3.074545264244079590e-01 1.546990722417831421e-01 1.766566783189773560e-01 8.695325255393981934e-02 -2.736221551895141602e-01 -2.753882408142089844e-01 9.059876203536987305e-02 -1.163651272654533386e-01 -7.244395464658737183e-02 8.780465275049209595e-02 -2.814274728298187256e-01 -2.749962508678436279e-01 -2.631090879440307617e-01 9.202846884727478027e-02 -2.562691271305084229e-01 -1.924239695072174072e-01 9.170908480882644653e-02 -4.042773693799972534e-02 -2.559155523777008057e-01 -2.620538473129272461e-01 9.841667860746383667e-02 -7.688747346401214600e-02 -1.168554127216339111e-01 7.574550062417984009e-02 8.366120606660842896e-02 -2.727094888687133789e-01 -2.740649282932281494e-01 -2.732918858528137207e-01 -2.656800150871276855e-01 5.606735125184059143e-02 9.741708636283874512e-02 1.001134514808654785e-01 8.744262903928756714e-02 -2.364917397499084473e-01 -2.750360071659088135e-01 -2.692570686340332031e-01 -1.467456221580505371e-01 -1.125003397464752197e-01 9.815904498100280762e-02 -2.700625360012054443e-01 -1.223721057176589966e-01 8.152924478054046631e-02 -2.602609097957611084e-01 -2.789082229137420654e-01 -2.710464000701904297e-01 -2.303946912288665771e-01 -2.723669707775115967e-01 -2.464888542890548706e-01 9.500147402286529541e-02 9.321767836809158325e-02 -2.788159847259521484e-01 6.514398753643035889e-02
-8.380476385354995728e-02 -1.039859056472778320e-01 -1.286101937294006348e-01 -1.420557945966720581e-01 9.515503048896789551e-02 1.117207109928131104e-01 1.198341324925422668e-01 1.443025022745132446e-01 8.949423208832740784e-03 5.404672399163246155e-02 -2.197409719228744507e-01 -2.088845074176788330e-01 -3.038854002952575684e-01 -2.924171388149261475e-01 2.014004588127136230e-01 1.781132668256759644e-01 1.131436347961425781e+00 1.773184686899185181e-01 1.818569749593734741e-01 -2.967908382415771484e-01 1.001903265714645386e-01 7.742846012115478516e-02 2.344077080488204956e-01 -2.037599384784698486e-01 -1.965569406747817993e-01 -2.151485085487365723e-01 -2.228229492902755737e-01 -2.966772019863128662e-01 -2.532516121864318848e-01 1.736748814582824707e-01 1.638752371072769165e-01 1.811888068914413452e-01 1.787927001714706421e-01 1.822563707828521729e-01 1.735187768936157227e-01 1.818304657936096191e-01 -2.074960768222808838e-01 -2.394650429487228394e-01 2.817516028881072998e-01 1.643621027469635010e-01 1.603957563638687134e-01 5.823842808604240417e-02 -2.634133994579315186e-01 -2.624544799327850342e-01 5.961842834949493408e-02 -1.104621887207031250e-01 -7.174058258533477783e-02 5.221464112401008606e-02 -2.697902917861938477e-01 -2.687806785106658936e-01 -2.506304681301116943e-01 6.141546368598937988e-02 -2.476257830858230591e-01 -1.869165450334548950e-01 6.040555983781814575e-02 -4.021168500185012817e-02 -2.432825118303298950e-01 -2.513820528984069824e-01 6.454439461231231689e-02 -7.391537725925445557e-02 -1.140052601695060730e-01 3.920415043830871582e-02 5.281743034720420837e-02 -2.624643445014953613e-01 -2.632825374603271484e-01 -2.664849162101745605e-01 -2.559196352958679199e-01 2.937891334295272827e-02 6.574116647243499756e-02 6.791155040264129639e-02 5.778369307518005371e-02 -2.231022715568542480e-01 -2.618322670459747314e-01 -2.597983777523040771e-01 -1.439272463321685791e-01 -1.074857339262962341e-01 6.656266748905181885e-02 -2.608375251293182373e-01 -1.192168295383453369e-01 5.120895802974700928e-02 -2.499076724052429199e-01 -2.653988897800445557e-01 -2.635370194911956787e-01 -2.245841771364212036e-01 -2.635859847068786621e-01 -2.315944284200668335e-01 6.069293990731239319e-02 5.935513973236083984e-02 -2.684079110622406006e-01 5.230046808719635010e-02
