1.195751428604125977e+00 4.519314513422781343e-01 4.503843334878608329e-01 4.476419793774659706e-01 3.341016188053615443e-01 3.372656641342229311e-01 3.382734728110836642e-01 3.394745149606488432e-01 -2.292008723619019528e-01 -2.298512574509893602e-01 -2.361703892537743432e-01 -2.198586062121839213e-01 -2.068583215289423460e-01 -2.156052474610744007e-01 -2.255112130972958817e-01 -4.532867524731439834e-01 3.416178341939019591e-01 -4.624429800135030355e-01 -5.085013282995587414e-01 -4.868029538608692475e-01 -5.900159075928420593e-01 -5.971108206744482061e-01 -6.047001514310388348e-01 4.429848471177655345e-01 4.541255235304811344e-01 4.383778288869262796e-01 4.493537179275771121e-01 3.492396668428250917e-01 4.673105411915093876e-01 -2.017530242871918289e-01 -2.004556709746211918e-01 -2.276485319811953623e-01 -2.234578435455575329e-01 -2.187073725181332695e-01 -1.893567747722200711e-01 -1.904587278192641508e-01 4.572066473648021545e-01 4.778452656576894220e-01 -6.038863818293420671e-01 -1.806480177290322175e-01 -2.049295286747806200e-01 -8.695465297090630707e-02 9.950985618496009655e-02 1.071546207245844123e-01 -6.151217859795392318e-02 1.626656513112541280e-02 1.502824824189764007e-02 -4.699244155993082539e-01 4.130197969303990857e-01 3.927623397184458187e-01 8.813999281735958313e-02 -2.238905354045057639e-01 5.165690341304315925e-02 7.602871822759459108e-02 -2.406711235187470876e-01 2.388880926233927227e-02 2.211152766005487491e-01 2.622476019714925499e-01 -1.402217056859755007e-01 2.550494328780920222e-02 2.324738302818964153e-02 -4.156183926708621468e-01 -4.577901257806565871e-01 1.878803693681720954e-01 3.158711962785388794e-01 1.988846350609746738e-01 1.004119573184038688e-01 -3.967705314176069725e-02 -3.220783354497528395e-01 -4.760795517427903745e-01 -2.482019786485346602e-01 5.925524163851317305e-02 3.111435321345376037e-01 2.169752438919776982e-01 1.815137625790657142e-02 1.816945717172866598e-02 -3.384614559781036203e-01 3.750677817241803713e-01 8.404907755184857013e-03 -7.712477509801682340e-02 9.465952517679918077e-02 3.805295997233616445e-01 2.256165525637270353e-01 3.513441365919527104e-02 2.054988673785007047e-01 3.081837209188623694e-01 -3.188329242724798895e-01 -1.606705768202504325e-01 3.985821230036060148e-01 -1.636577229607590403e-02
4.519314513422781343e-01 1.107335686683654785e+00 4.591280647895499833e-01 4.467062026722444790e-01 2.719988085973005787e-01 2.761417442526653554e-01 2.792785935536691300e-01 2.883644558860982698e-01 -2.158914863487607638e-01 -2.176831045496426809e-01 -2.234224803755240907e-01 -2.100235058130051069e-01 -2.005487458380910137e-01 -2.079649137349774690e-01 -2.185727396795102417e-01 -4.511326270551752060e-01 2.920855058672304772e-01 -4.587666826379669383e-01 -5.030265095434445222e-01 -4.815468700622125287e-01 -5.832532360773005076e-01 -5.890003484647328147e-01 -5.980151511043532153e-01 5.747907433721696213e-01 4.583320740007529315e-01 5.120077546737165086e-01 4.844168704933487501e-01 3.044977285344168672e-01 4.617401335366637105e-01 -1.987077914314122340e-01 -1.913488629782445216e-01 -2.167688429859694066e-01 -2.156686261511225888e-01 -2.106033312383965572e-01 -1.898309690475312173e-01 -1.823764933647247788e-01 4.559288785258163723e-01 4.714841175197311274e-01 -5.968468053028864739e-01 -1.637357136126592339e-01 -1.995356312967555001e-01 -8.553966780954802562e-02 9.427927387105648760e-02 1.015099031876967040e-01 -6.055197685954159803e-02 1.646070143417239021e-02 1.420354918441918239e-02 -4.630727944604774993e-01 3.890585407417054276e-01 3.700967978580086415e-01 8.383299899905283237e-02 -2.203643162112994269e-01 4.932750737376265238e-02 7.217235481265797670e-02 -2.363809015102656952e-01 2.279280447828295822e-02 2.096363304930198290e-01 2.489136589730335525e-01 -1.383240118646907879e-01 2.390628423810452902e-02 2.262254977400906392e-02 -4.082890770529306601e-01 -4.510802628953063387e-01 1.771855105786159235e-01 2.991430834417470597e-01 1.880593103420687973e-01 9.594641260224484602e-02 -3.909346360832564177e-02 -3.168857831278176773e-01 -4.697182924872514986e-01 -2.443225027768283486e-01 5.929944560105499668e-02 2.947686065277578260e-01 2.062308822202537084e-01 1.709581132834845155e-02 1.746788333842992647e-02 -3.336367584068227754e-01 3.537814312744431144e-01 7.943926054694740516e-03 -7.583602645309571455e-02 9.004054097149656599e-02 3.598228107947618049e-01 2.145660758470826490e-01 3.349761697236594560e-02 1.957443272252740174e-01 3.143646363410491640e-01 -3.136453166828824246e-01 -1.577278360428985005e-01 3.760225039768982369e-01 -1.608526985348924729e-02
4.503843334878608329e-01 4.591280647895499833e-01 1.200216531753540039e+00 5.189729935387349391e-01 2.665829099383119627e-01 2.712812112616334592e-01 2.742639960371026087e-01 2.832056555292774558e-01 -2.181464509711454336e-01 -2.206303733684049917e-01 -2.299120943263807670e-01 -2.162385343324433606e-01 -1.977288316564208837e-01 -2.059407542172455308e-01 -2.161740861356816756e-01 -4.486892903542383793e-01 2.882205863985858874e-01 -4.566035011371773478e-01 -4.997344845410999215e-01 -4.789771093339212360e-01 -5.753169962340030086e-01 -5.803539561636700261e-01 -5.896759433549242368e-01 4.611168472475508651e-01 4.569344092922743572e-01 4.468832963163633099e-01 4.542402802118701288e-01 3.005455817649827499e-01 4.657370606910891109e-01 -1.961523509813238031e-01 -1.911278501103842176e-01 -2.164387404333318887e-01 -2.109424482047621563e-01 -1.977852654976800795e-01 -1.868551569002462054e-01 -1.880441427923136843e-01 4.660976927990029828e-01 4.775639159435504655e-01 -5.864104198955583103e-01 -1.689222516955431741e-01 -1.904889934702864995e-01 -8.474990655011468976e-02 9.340233392477517715e-02 1.005338324698015762e-01 -6.001918889499788939e-02 1.633120257501658942e-02 1.405031283210266858e-02 -4.590435320900905780e-01 3.853418799050077892e-01 3.664175836459811486e-01 8.300238813904275981e-02 -2.183599217332209130e-01 4.889012774188186000e-02 7.150502429252547643e-02 -2.342475550798735484e-01 2.257701240049976230e-02 2.077170659713965528e-01 2.465761062088503708e-01 -1.370703138716076463e-01 2.366741616400777279e-02 2.241565231131234862e-02 -4.045344417830549211e-01 -4.468852408740242033e-01 1.755122742701908378e-01 2.963055571235480579e-01 1.862656225762477635e-01 9.505119381395094047e-02 -3.873410588016457795e-02 -3.139914201671297200e-01 -4.654354320184864169e-01 -2.421017068104854009e-01 5.889159546622492469e-02 2.920413366289326129e-01 2.042450443781393399e-01 1.694030921911453616e-02 1.730066179686461786e-02 -3.305940812553975205e-01 3.503452034318442765e-01 7.867085643375236123e-03 -7.510107394030496319e-02 8.924326538567356470e-02 3.564454474904983350e-01 2.125336380695942717e-01 3.320463116408110815e-02 1.939424445378819806e-01 3.122292897942057777e-01 -3.107310081164725846e-01 -1.562977666699705559e-01 3.724124882382041091e-01 -1.593067231081009630e-02
4.476419793774659706e-01 4.467062026722444790e-01 5.189729935387349391e-01 1.114788174629211426e+00 2.618721912253557660e-01 2.639367003145516311e-01 2.688293185069886015e-01 2.755907677291433155e-01 -2.081364376103675418e-01 -2.143487715284756456e-01 -2.154656976695087656e-01 -2.034604292516586643e-01 -1.981067564378192758e-01 -1.973199884082139921e-01 -2.086434949101481084e-01 -4.417070227199894616e-01 2.811458411578629524e-01 -4.488241315383251218e-01 -4.904448325658071761e-01 -4.700600901652496333e-01 -5.661742417002945116e-01 -5.706271120674136776e-01 -5.783992312441301742e-01 4.376455918100120579e-01 4.560215783674516077e-01 4.349710749825878575e-01 4.455183001765880557e-01 2.941329584078006265e-01 4.538798981185127035e-01 -1.838552600173610219e-01 -1.843246484573101696e-01 -2.063274711772107584e-01 -2.074277296811503357e-01 -1.932542100228946680e-01 -1.746635859687830639e-01 -1.726249672758725096e-01 4.506714057574018883e-01 4.680378613154810297e-01 -5.762696072526889424e-01 -1.576966397821384369e-01 -1.850618580459573448e-01 -8.351199419832888715e-02 9.088413175389323251e-02 9.781261153427155131e-02 -5.903872208781933695e-02 1.584389468897966918e-02 1.367982598375727665e-02 -4.525327363504275113e-01 3.750891440790552478e-01 3.565609264361613850e-01 8.067114824240878557e-02 -2.150308112383432224e-01 4.751982226520744257e-02 6.957606476199280909e-02 -2.307892148387306053e-01 2.196794395307015771e-02 2.020103587142184631e-01 2.399207464967960390e-01 -1.348160854031945910e-01 2.306208057280223836e-02 2.175714522156623268e-02 -3.993914479020778674e-01 -4.406058474960097837e-01 1.707694842455271811e-01 2.880909677407884617e-01 1.813044309468684612e-01 9.247006436819210640e-02 -3.812450788801481638e-02 -3.092171699774520222e-01 -4.584401080685142071e-01 -2.385209427748904432e-01 5.715092814848331260e-02 2.839885344435609249e-01 1.986759840239587238e-01 1.647112738841683549e-02 1.681896361243698929e-02 -3.257280479441247434e-01 3.408033423279310803e-01 7.644985038573357157e-03 -7.404735981294910396e-02 8.674077940760106797e-02 3.467786624465691303e-01 2.068070268757870034e-01 3.226933018100165002e-02 1.885871466294259668e-01 3.025583100616080490e-01 -3.060180114931135842e-01 -1.538191362474881918e-01 3.623131224529072547e-01 -1.567129088960290614e-02
3.341016188053615443e-01 2.719988085973005787e-01 2.665829099383119627e-01 2.618721912253557660e-01 1.638436675071716309e+00 9.686270622867375613e-01 8.795793221738688050e-01 8.193677054086260236e-01 -3.102972050817180971e-01 -3.105829717196867956e-01 -3.208066502983062396e-01 -3.069760672732501083e-01 -2.964517045214632440e-01 -3.038785535957871375e-01 -3.113525443036905815e-01 -4.115309880264139686e-01 7.909865529948632012e-01 -4.218506166359018983e-01 -4.798466599610910488e-01 -4.522379414090331728e-01 -5.801861130581380532e-01 -5.880407925972578331e-01 -5.982012730518977417e-01 2.719357493702966866e-01 2.774176796515708254e-01 2.671241358941343069e-01 2.838394979885495717e-01 7.299705005046960293e-01 3.777275199133816042e-01 -2.955087607322915422e-01 -2.855712377031729421e-01 -3.079966822512777425e-01 -3.082888103707371319e-01 -3.014692744333114516e-01 -2.812787377842888015e-01 -2.827276276974348135e-01 2.590011629565988072e-01 3.331529524607877435e-01 -6.025451370724250744e-01 -2.686600030935134553e-01 -2.953530572224427053e-01 -8.505716749508526742e-02 1.404318707000274113e-01 1.521991113704842247e-01 -6.029003799776787298e-02 1.311626278991132391e-02 2.188879698384661385e-02 -4.490410608350974830e-01 6.034874697149034128e-01 5.757596331164169801e-01 1.225888873974440296e-01 -2.182605826161434226e-01 6.947363518720423015e-02 1.064384887520117839e-01 -2.385068308421512406e-01 3.238593766459291895e-02 3.119586073678067284e-01 3.666611533827080494e-01 -1.347156212206132853e-01 3.846862861793286931e-02 2.742512973810919824e-02 -4.058902151636384348e-01 -4.387307105435916399e-01 2.741996589579215327e-01 4.491564564425751249e-01 2.846986591219310969e-01 1.339821201812194384e-01 -3.845844052475944075e-02 -3.153040799264312799e-01 -4.541338851284230094e-01 -2.410632019019774142e-01 5.313474292836604940e-02 4.405718732957341066e-01 3.010348602518635452e-01 2.679369366894250246e-02 2.352074790243343164e-02 -3.239090253699215549e-01 5.438382190251965786e-01 1.205699799216087761e-02 -7.571374850046824756e-02 1.302796268360513487e-01 5.446172643829485516e-01 3.118200715241642995e-01 4.767863706731369916e-02 2.813331298400040259e-01 2.208638591846903143e-01 -3.129871950322440921e-01 -1.617180961424865282e-01 5.787487515939816474e-01 -1.634627116067646768e-02
3.372656641342229311e-01 2.761417442526653554e-01 2.712812112616334592e-01 2.639367003145516311e-01 9.686270622867375613e-01 1.485505580902099609e+00 8.719672678720405967e-01 8.152676889187771003e-01 -3.055789581526746623e-01 -3.054788689919279987e-01 -3.160076486675446605e-01 -3.037138495619078338e-01 -2.909941645491359585e-01 -2.994737415822876780e-01 -3.058675027301589466e-01 -4.059049938018613468e-01 7.896811436576973708e-01 -4.157463723443453607e-01 -4.736467989914079357e-01 -4.455653584719821425e-01 -5.744971151653718300e-01 -5.824986921460760803e-01 -5.929762466170253044e-01 2.758317817615159040e-01 2.817825726742312353e-01 2.698108200966367609e-01 2.880299086302358091e-01 7.300380044349248365e-01 3.812387243435061968e-01 -2.902536214330700970e-01 -2.815421975679472943e-01 -3.017573467610780713e-01 -3.027664332901159883e-01 -2.967245259612892871e-01 -2.765264333167842259e-01 -2.788719032085867910e-01 2.634093084975169807e-01 3.378827278388208399e-01 -5.976132943740279924e-01 -2.645827657076922912e-01 -2.924322204981712470e-01 -8.373691701605738558e-02 1.375857049899349704e-01 1.491166263458005847e-01 -5.940495174385708455e-02 1.313419352137835602e-02 2.142112044912392738e-02 -4.425216257035409773e-01 5.919843555335888574e-01 5.638884419492867783e-01 1.202053041754875540e-01 -2.149405976525744499e-01 6.820376264129156263e-02 1.043377275521374797e-01 -2.347262773965951010e-01 3.176204370121105125e-02 3.058218889633129711e-01 3.595019032219209376e-01 -1.328489847631128817e-01 3.764916424022909935e-02 2.705803892082161294e-02 -3.992764689855275995e-01 -4.320826568124633282e-01 2.685121333730985937e-01 4.403133860238084840e-01 2.789692144298179244e-01 1.315320191975621611e-01 -3.790236300980190376e-02 -3.105275796057459514e-01 -4.476456184782314218e-01 -2.373581250730598113e-01 5.294043647652374451e-02 4.320044578150994408e-01 2.952584683819369227e-01 2.623119216885516289e-02 2.314221023812941883e-02 -3.191085236518215185e-01 5.328585797661997692e-01 1.182070211643433504e-02 -7.453153383596999859e-02 1.277696473661355525e-01 5.338543599649580029e-01 3.058396955556079155e-01 4.679561690591763079e-02 2.760656287099382267e-01 2.225048991741296889e-01 -3.082414465019963634e-01 -1.592096445393042792e-01 5.672005236749340096e-01 -1.610374141505572024e-02
3.382734728110836642e-01 2.792785935536691300e-01 2.742639960371026087e-01 2.688293185069886015e-01 8.795793221738688050e-01 8.719672678720405967e-01 1.403468012809753418e+00 8.146175955133387880e-01 -3.022519311124336472e-01 -3.020226399848168763e-01 -3.109929955921877931e-01 -2.993543735213027857e-01 -2.863404491550397002e-01 -2.949005586547483460e-01 -3.025427813797159082e-01 -4.004796501485197724e-01 7.937076003091735332e-01 -4.112266369730859794e-01 -4.694923904458437325e-01 -4.409613126364246294e-01 -5.699157928750517854e-01 -5.781273820831346333e-01 -5.883099749363185360e-01 2.793406249430522292e-01 2.881897234905676508e-01 2.758785067041681360e-01 2.917897942057959826e-01 7.381616440779440458e-01 3.871013712353919001e-01 -2.864925413435182033e-01 -2.781673621886429637e-01 -2.977426407937528996e-01 -3.002676766958431998e-01 -2.915279734064516459e-01 -2.716530662451902556e-01 -2.742035480732433750e-01 2.689096009589891922e-01 3.437765154326762884e-01 -5.930541400410423991e-01 -2.604113006135023722e-01 -2.878412587577321435e-01 -8.261981725380455888e-02 1.350167220847080518e-01 1.463852450964922836e-01 -5.864928274712883499e-02 1.318306963094295799e-02 2.100764151435039265e-02 -4.370277502823497473e-01 5.813676818516989586e-01 5.533072147756158410e-01 1.181048485489599592e-01 -2.121631303867025087e-01 6.708801017970379699e-02 1.024467910687244521e-01 -2.315030480663540779e-01 3.121239017138331337e-02 3.002783439835830515e-01 3.529131307200552570e-01 -1.312856715213196745e-01 3.687357394474967409e-02 2.672853536139215350e-02 -3.937587866226878175e-01 -4.266362841569886766e-01 2.632683558464959384e-01 4.322401659829972487e-01 2.737276870342228996e-01 1.292886385829574991e-01 -3.742671378866947035e-02 -3.064441196354099062e-01 -4.423259198646676826e-01 -2.343299209865107591e-01 5.283824302659399091e-02 4.239872965937128146e-01 2.900549709783102892e-01 2.573181760804740120e-02 2.277580175223535217e-02 -3.151462929619457953e-01 5.229943943402927120e-01 1.158100326480119430e-02 -7.352302372938157582e-02 1.255348228052388937e-01 5.238947800960855883e-01 3.004074903916628125e-01 4.597825334497252642e-02 2.711395641257335343e-01 2.247569191806278455e-01 -3.042516308727308272e-01 -1.570605471918587182e-01 5.563971168988061100e-01 -1.587765012651847635e-02
3.394745149606488432e-01 2.883644558860982698e-01 2.832056555292774558e-01 2.755907677291433155e-01 8.193677054086260236e-01 8.152676889187771003e-01 8.146175955133387880e-01 1.378251433372497559e+00 -2.969166204787923036e-01 -2.985453541961776702e-01 -3.078393953159050400e-01 -2.955103997166056984e-01 -2.815817554266492606e-01 -2.909909976980882274e-01 -2.972776970570286670e-01 -4.009359267139553373e-01 8.143624695482269971e-01 -4.117849194775340393e-01 -4.684656640008818540e-01 -4.405660674021465439e-01 -5.677457220842635488e-01 -5.758356375415635275e-01 -5.855211458978277772e-01 2.866980255294863666e-01 2.960343746680362265e-01 2.814459975225224175e-01 2.996977824042199590e-01 7.570437989945192347e-01 3.951612016077380440e-01 -2.815843666897939190e-01 -2.736181250997280490e-01 -2.931291499638423170e-01 -2.937334907054588440e-01 -2.868323944638554446e-01 -2.673536492569122958e-01 -2.703729917164066077e-01 2.752438308630413832e-01 3.524160740025308325e-01 -5.903832067555933039e-01 -2.556556070597887920e-01 -2.836994064987783948e-01 -8.233909257605664944e-02 1.327768000048002717e-01 1.439195459824549883e-01 -5.846686934883764397e-02 1.330167896719764570e-02 2.062505847562680350e-02 -4.360167747544412831e-01 5.725678361717948528e-01 5.434458628480146603e-01 1.162524490314769399e-01 -2.115053420888060587e-01 6.604072698232651972e-02 1.007925350320396374e-01 -2.306158575232602481e-01 3.076325291050278909e-02 2.951857419254187431e-01 3.472603293791771684e-01 -1.309757090301701954e-01 3.614238901242694535e-02 2.645591879460537643e-02 -3.922842007690225397e-01 -4.254980234404758810e-01 2.586945339928680143e-01 4.250815269689035003e-01 2.689130456039884876e-01 1.273959450528008575e-01 -3.733404867127819438e-02 -3.053991976866208824e-01 -4.412501350078604778e-01 -2.335686822210537583e-01 5.300015523126012928e-02 4.170439201126820983e-01 2.853337238745900506e-01 2.526148466866293130e-02 2.245781448831020780e-02 -3.143937213677774345e-01 5.141052101255673135e-01 1.139275966595166244e-02 -7.325856388749744930e-02 1.235570270980221458e-01 5.151553823800407717e-01 2.957199119148715138e-01 4.529022370302449030e-02 2.669919059731922228e-01 2.283498089222083527e-01 -3.031650953899982515e-01 -1.563644927771350168e-01 5.472679742687240889e-01 -1.580900550487606207e-02
-2.292008723619019528e-01 -2.158914863487607638e-01 -2.181464509711454336e-01 -2.081364376103675418e-01 -3.102972050817180971e-01 -3.055789581526746623e-01 -3.022519311124336472e-01 -2.969166204787923036e-01 1.076855301856994629e+00 1.664016743863753756e-01 1.533663321064470952e-01 1.554158958810490654e-01 1.386942417536309868e-01 1.389393393570914625e-01 1.455547106298188953e-01 3.513719854355965011e-02 -2.971664961382196046e-01 4.561128753496314359e-02 1.004434522076618624e-01 7.033850498629030945e-02 2.054630736278423297e-01 2.196393295565208514e-01 2.372682865091256532e-01 -2.226156556226162597e-01 -2.146335242185211656e-01 -2.277937487693728058e-01 -2.342903075690184744e-01 -2.920147239683732465e-01 -2.498376294353137905e-01 1.384579085493422013e-01 1.361636916416022469e-01 1.369529459270739657e-01 1.407159566845891940e-01 1.210323523280688734e-01 1.140509319653722070e-01 1.235523879390311164e-01 -2.081000882718060385e-01 -2.446069082244343995e-01 2.466741674737507051e-01 1.295934896653982982e-01 1.283150957900215661e-01 1.715526097019426377e-02 -5.771589506989073526e-02 -6.376741406944137769e-02 1.403864114560669958e-02 -7.555189879944121389e-03 -9.057051627228075025e-03 7.787122133555331172e-02 -2.544075899530150453e-01 -2.399401920734051674e-01 -5.277368023982729334e-02 4.590735338368589352e-02 -2.994841727451687252e-02 -4.468710178237043917e-02 4.890825032479668988e-02 -1.361842310318956382e-02 -1.313648011284212491e-01 -1.539277536825477410e-01 3.190975369010373708e-02 -1.526326886976530663e-02 -1.304308057769141237e-02 6.646843938469305935e-02 7.980779936520748796e-02 -1.132618860253641474e-01 -1.895719261877024941e-01 -1.182578991265713642e-01 -5.662227584139343378e-02 8.830264985705833791e-03 6.641568631329201888e-02 8.924022354190400130e-02 4.856697003803332746e-02 -2.831196435770260561e-02 -1.865301796460149542e-01 -1.282987892850650513e-01 -1.143684296174577245e-02 -1.049754608629435704e-02 6.462795028288313703e-02 -2.281176981859832642e-01 -5.076970071646393773e-03 1.508097179769133170e-02 -5.506942848672522622e-02 -2.288966324261546004e-01 -1.327420063123675165e-01 -2.035838322697899189e-02 -1.206852765649911174e-01 -1.394833849215220967e-01 6.830051827461953995e-02 3.799940338193023848e-02 -2.428640567517486581e-01 3.830041569920292991e-03
-2.298512574509893602e-01 -2.176831045496426809e-01 -2.206303733684049917e-01 -2.143487715284756456e-01 -3.105829717196867956e-01 -3.054788689919279987e-01 -3.020226399848168763e-01 -2.985453541961776702e-01 1.664016743863753756e-01 1.099663138389587402e+00 1.599716333484305086e-01 1.574682514848642356e-01 1.313487863071138850e-01 1.482606876222571091e-01 1.558550325596734787e-01 2.837717475161887284e-02 -2.975839371092272589e-01 3.927999877437308301e-02 9.807966180475397033e-02 6.558922847285775237e-02 2.089917235181248389e-01 2.196419547093630686e-01 2.349792087894895243e-01 -2.213725693584826515e-01 -2.241952198105756355e-01 -2.237089553880692583e-01 -2.262951476285952612e-01 -2.942039903212142482e-01 -2.485063297018626494e-01 1.488905576280218912e-01 1.281297238861462684e-01 1.327163659306386245e-01 1.366317188911887748e-01 1.442484679107983725e-01 1.129484927789129040e-01 1.092150462426923485e-01 -2.128244466677837732e-01 -2.475053825356054171e-01 2.502109011680235806e-01 1.095558369176160979e-01 1.319483073236708548e-01 1.633348222163157060e-02 -5.792134105919055642e-02 -6.407148732881781661e-02 1.353643742702352951e-02 -7.592666020221621771e-03 -9.075989361769508032e-03 7.357588791836325304e-02 -2.552936415409075011e-01 -2.408779411156827255e-01 -5.299601262895750620e-02 4.383397225016211901e-02 -3.008433143774148777e-02 -4.481876917056059478e-02 4.653047646885218741e-02 -1.369460635819240955e-02 -1.319891569242475915e-01 -1.544746744143770112e-01 3.075884293152179177e-02 -1.531941276358756918e-02 -1.314604316962454320e-02 6.187125505973903317e-02 7.553121703974764733e-02 -1.136900567877507512e-01 -1.903887931919591714e-01 -1.187134950968256331e-01 -5.684501797660219263e-02 8.470449765630799766e-03 6.347067457038610416e-02 8.538387401666497345e-02 4.622419127513646003e-02 -2.847855044560372237e-02 -1.873053358884450570e-01 -1.288041937108338197e-01 -1.150237021438803818e-02 -1.056644506302366858e-02 6.137145512694294758e-02 -2.291171452649020945e-01 -5.113692261777240920e-03 1.429662925652560278e-02 -5.529252828164662320e-02 -2.297940735660609635e-01 -1.332700926142811049e-01 -2.043908236990686980e-02 -1.211639016538296199e-01 -1.406151869286611789e-01 6.547632606609540828e-02 3.667486445877515822e-02 -2.439008671171521425e-01 3.694664330317676271e-03
-2.361703892537743432e-01 -2.234224803755240907e-01 -2.299120943263807670e-01 -2.154656976695087656e-01 -3.208066502983062396e-01 -3.160076486675446605e-01 -3.109929955921877931e-01 -3.078393953159050400e-01 1.533663321064470952e-01 1.599716333484305086e-01 1.073929786682128906e+00 1.582590336370695294e-01 1.472177796796169114e-01 1.500655288152332456e-01 1.404219673456543471e-01 2.748471133208200273e-02 -3.065491257490991495e-01 3.931911910760137879e-02 1.010213886341826961e-01 6.813383495883537644e-02 2.187959471195878580e-01 2.321122363124253074e-01 2.592865129036401872e-01 -2.265965401763391507e-01 -2.284477729592256368e-01 -2.309290563139453911e-01 -2.424533661737638957e-01 -3.045330917044503649e-01 -2.597949591731785191e-01 1.361578718583170977e-01 1.428918889277553395e-01 1.551170868170546890e-01 1.384742567233914479e-01 1.516900122851597144e-01 1.325907891748364098e-01 1.336861446155309385e-01 -2.187408883583888686e-01 -2.551202147769492390e-01 2.716778732450644829e-01 1.239575643070774391e-01 1.424280424771397768e-01 1.715486511381329390e-02 -6.005628133237979338e-02 -6.636973919370416086e-02 1.418905528499659306e-02 -7.905559237560052729e-03 -9.415937973777583833e-03 7.689610206194227859e-02 -2.647630539822540818e-01 -2.496378122459574356e-01 -5.492098928870969843e-02 4.605843162424123199e-02 -3.119492040425464810e-02 -4.650217621003711888e-02 4.892966476603748810e-02 -1.418794237297816077e-02 -1.367921448982140631e-01 -1.601438378190019052e-01 3.218946789235284378e-02 -1.585873235841731357e-02 -1.362157606453975704e-02 6.526789031939192465e-02 7.937297543768104258e-02 -1.178333188510086588e-01 -1.973334336354694296e-01 -1.230369968207037784e-01 -5.895577975873261822e-02 8.910459758990412968e-03 6.664340790508246903e-02 8.940685129889784644e-02 4.856219892691530232e-02 -2.959515712359252898e-02 -1.941390948761905766e-01 -1.335293299298759284e-01 -1.192083121006156342e-02 -1.095437997584526070e-02 6.449658152319090454e-02 -2.373792096339831237e-01 -5.289119576239772157e-03 1.507146950833581842e-02 -5.734800906741681359e-02 -2.382465656889356798e-01 -1.381983239913079364e-01 -2.118024878615154885e-02 -1.256850398845443806e-01 -1.462668354246402791e-01 6.860948765239220648e-02 3.843344254154353046e-02 -2.526989904745565174e-01 3.868405348683634590e-03
-2.198586062121839213e-01 -2.100235058130051069e-01 -2.162385343324433606e-01 -2.034604292516586643e-01 -3.069760672732501083e-01 -3.037138495619078338e-01 -2.993543735213027857e-01 -2.955103997166056984e-01 1.554158958810490654e-01 1.574682514848642356e-01 1.582590336370695294e-01 1.063114404678344727e+00 1.443282086645933660e-01 1.426715288756812139e-01 1.417782685347457883e-01 1.475990970196486979e-02 -2.955996826926367560e-01 2.267791758097915944e-02 8.467758289482632539e-02 5.295499635200982824e-02 1.983576460451697276e-01 2.038737588721832306e-01 2.252619485845620273e-01 -2.200247547746113086e-01 -2.117017285228606771e-01 -2.224374646923887588e-01 -2.251170095903361479e-01 -2.918991894639199058e-01 -2.449116759686897349e-01 1.318695944074966264e-01 1.345686682202386075e-01 1.440182183940487137e-01 1.430597737023800164e-01 1.519549165973663463e-01 1.356571621503296354e-01 1.276166940164071839e-01 -2.043548979962833412e-01 -2.390866701572402775e-01 2.448383661448733373e-01 1.136513600902985949e-01 1.415991331050830138e-01 1.355705060633530246e-02 -5.678565340915404241e-02 -6.290315541704873115e-02 1.170871382539383394e-02 -7.399796283972533140e-03 -8.908707052777294771e-03 5.863041359296919386e-02 -2.507581274731995324e-01 -2.368753469646454890e-01 -5.207174006575494146e-02 3.691314569314924771e-02 -2.949175526997349639e-02 -4.401509043415416378e-02 3.904338083128395392e-02 -1.339001310326290092e-02 -1.295363335598650467e-01 -1.515733110461097988e-01 2.656665267233336569e-02 -1.500901274696437963e-02 -1.289284440005173706e-02 4.800502759827349891e-02 6.083662537685527449e-02 -1.116848358726663659e-01 -1.870538906931914769e-01 -1.165119919204184729e-01 -5.561372059328787559e-02 7.267373643476575558e-03 5.347958245013376133e-02 7.028402264754081419e-02 3.834807646022946048e-02 -2.770472761414109059e-02 -1.840349788143220700e-01 -1.264426117698408125e-01 -1.133816794583373568e-02 -1.036461733994290327e-02 5.059146290850712047e-02 -2.252323357493258571e-01 -5.029004605379246845e-03 1.184000098311279413e-02 -5.423246656249763875e-02 -2.257939795605877487e-01 -1.308511323325935727e-01 -2.005365367939199867e-02 -1.189274936674090816e-01 -1.364465831121723094e-01 5.568374203120270843e-02 3.192854992335109054e-02 -2.395886716071024547e-01 3.224613091362208035e-03
-2.068583215289423460e-01 -2.005487458380910137e-01 -1.977288316564208837e-01 -1.981067564378192758e-01 -2.964517045214632440e-01 -2.909941645491359585e-01 -2.863404491550397002e-01 -2.815817554266492606e-01 1.386942417536309868e-01 1.313487863071138850e-01 1.472177796796169114e-01 1.443282086645933660e-01 1.068660020828247070e+00 1.362024855669374535e-01 1.423025629492206123e-01 5.531985278920683972e-03 -2.819111634944079237e-01 1.745081810874321918e-02 7.190717270649979453e-02 4.418029102472188080e-02 1.752482727883267755e-01 1.958680010925080428e-01 2.150407701515066050e-01 -2.008427212873282741e-01 -2.050998858155741456e-01 -1.986486074300325977e-01 -2.101166084558701019e-01 -2.777193361035686925e-01 -2.287379426313265463e-01 1.180515537793533770e-01 1.205268367847194683e-01 1.414497077385394319e-01 1.450329580300008525e-01 1.365020030055083267e-01 1.288166666592588383e-01 1.314769187672704398e-01 -1.915018579970655943e-01 -2.236962879838781670e-01 2.250901052461276586e-01 1.060769051998138590e-01 1.187025777945293764e-01 1.202264703383841386e-02 -5.353205772758325154e-02 -5.929012561398019215e-02 1.053365235514823299e-02 -6.881792166288347966e-03 -8.427585290799153445e-03 5.023850485850509667e-02 -2.372200059203447009e-01 -2.237652225529575267e-01 -4.908935461909115505e-02 3.288757798231808221e-02 -2.782603155172590215e-02 -4.145964303921694655e-02 3.482069400485095223e-02 -1.262131122967603825e-02 -1.221905030915133306e-01 -1.428871247614861006e-01 2.391519274288858576e-02 -1.417451190352638293e-02 -1.210974238250093690e-02 4.128899074234988753e-02 5.282681180548734479e-02 -1.054030326321221400e-01 -1.764847892255060058e-01 -1.099242542010223644e-01 -5.238737302594061868e-02 6.548664263897142034e-03 4.758547192080961330e-02 6.181439063785491850e-02 3.405305208881050094e-02 -2.584930187879827534e-02 -1.735402427874689624e-01 -1.192660689355691389e-01 -1.072945108137407164e-02 -9.759074271379800103e-03 4.463875868995039603e-02 -2.124773292356132715e-01 -4.749082491719517490e-03 1.054297060601083920e-02 -5.111693100242725024e-02 -2.130815310802540163e-01 -1.233693495043489130e-01 -1.889623906991918026e-02 -1.120739904745565174e-01 -1.268450657571618678e-01 4.981996660138879318e-02 2.880198420719161725e-02 -2.262947309376679150e-01 2.907370445443157019e-03
-2.156052474610744007e-01 -2.079649137349774690e-01 -2.059407542172455308e-01 -1.973199884082139921e-01 -3.038785535957871375e-01 -2.994737415822876780e-01 -2.949005586547483460e-01 -2.909909976980882274e-01 1.389393393570914625e-01 1.482606876222571091e-01 1.500655288152332456e-01 1.426715288756812139e-01 1.362024855669374535e-01 1.099228739738464355e+00 1.393971437892606302e-01 1.405721601179890992e-02 -2.883604556531957908e-01 2.451173441931507949e-02 8.181191604933442385e-02 5.111181959371857014e-02 1.951729884051026931e-01 2.139216216588610275e-01 2.281754515485123758e-01 -2.113468884188368369e-01 -2.109926039027161249e-01 -2.111193751725100320e-01 -2.176026832006663636e-01 -2.866794411141270760e-01 -2.359691830946601676e-01 1.390332198230208038e-01 1.168434556634186244e-01 1.418435917824548975e-01 1.301328405120475984e-01 1.271622647807494622e-01 1.156596228491525574e-01 1.169974090713725989e-01 -1.911119047375647306e-01 -2.325734020514083344e-01 2.446373544415252621e-01 1.074308729197122197e-01 1.295234022514199779e-01 1.431099033571510241e-02 -5.552337158296771769e-02 -6.142590968629729059e-02 1.210820930713077045e-02 -7.160262806551181448e-03 -8.715200126651818577e-03 6.236899931729358165e-02 -2.453131160080875839e-01 -2.314484615548727531e-01 -5.079540881046851891e-02 3.870394440187406582e-02 -2.877568232861557607e-02 -4.295666769931938411e-02 4.106115108813002124e-02 -1.308685743203271030e-02 -1.264974205164834109e-01 -1.480279379599434564e-01 2.750091887294326895e-02 -1.468023839665776042e-02 -1.255309979297683509e-02 5.254625033168597997e-02 6.488008301816683421e-02 -1.091208324240211386e-01 -1.826345361663279099e-01 -1.138347249328738736e-01 -5.434003532539005699e-02 7.532060061052443627e-03 5.601818164190892901e-02 7.419694491101481992e-02 4.051010164369570066e-02 -2.689222544734826831e-02 -1.796267082661257286e-01 -1.234805365334603888e-01 -1.104373500468249468e-02 -1.011192207190729844e-02 5.352927284321887247e-02 -2.199354995779754240e-01 -4.917119618964482276e-03 1.255794642932544017e-02 -5.297025418479920505e-02 -2.205687725596467974e-01 -1.276969764684077191e-01 -1.957648700879918019e-02 -1.161113088695386319e-01 -1.320491326383891606e-01 5.807818352424074654e-02 3.293429598012150711e-02 -2.340194862456436431e-01 3.307554769369349789e-03
-2.255112130972958817e-01 -2.185727396795102417e-01 -2.161740861356816756e-01 -2.086434949101481084e-01 -3.113525443036905815e-01 -3.058675027301589466e-01 -3.025427813797159082e-01 -2.972776970570286670e-01 1.455547106298188953e-01 1.558550325596734787e-01 1.404219673456543471e-01 1.417782685347457883e-01 1.423025629492206123e-01 1.393971437892606302e-01 1.081612706184387207e+00 2.239398438309074882e-02 -2.969963473428897660e-01 3.548326035871422063e-02 9.635897828940262477e-02 6.168800827959317057e-02 2.105727044552371807e-01 2.106333885439552189e-01 2.376296408813135252e-01 -2.143965798675389611e-01 -2.230997810316956154e-01 -2.188196846127485606e-01 -2.244997930990648705e-01 -2.948522225071770753e-01 -2.466206365792852906e-01 1.387811079222834865e-01 1.432733416923385183e-01 1.369566683660248529e-01 1.581752648709769393e-01 1.485808312617312443e-01 1.185054829858982889e-01 1.199185791483859675e-01 -2.113433048768617317e-01 -2.384003801999138583e-01 2.485231362359319462e-01 1.163134039692977628e-01 1.313897609149688173e-01 1.586988925799679914e-02 -5.752764105376802217e-02 -6.358635491666403405e-02 1.324017017768590147e-02 -7.487879537375286866e-03 -9.019100632914627338e-03 7.108377754438147123e-02 -2.536948817908953879e-01 -2.393436573418274704e-01 -5.259884367156487939e-02 4.269945827957094542e-02 -2.982482327304389683e-02 -4.448757974908761070e-02 4.530512387610122899e-02 -1.357268259285318406e-02 -1.310689366803133860e-01 -1.533487338596158378e-01 3.000220165596308164e-02 -1.519619899258579064e-02 -1.299835054285382839e-02 6.009467245648524719e-02 7.309183195777176067e-02 -1.129221718020026882e-01 -1.890178383719229860e-01 -1.178695431822919526e-01 -5.638763370778476780e-02 8.254565668601150305e-03 6.172919123291178284e-02 8.270839880010791290e-02 4.492813664928935885e-02 -2.810496445848624861e-02 -1.859939123122279492e-01 -1.278204281004805265e-01 -1.143629952732803587e-02 -1.047502046924732137e-02 5.960223406340547231e-02 -2.275094961084400957e-01 -5.080282764518734111e-03 1.386976065328692463e-02 -5.484729055336110687e-02 -2.283231962616490140e-01 -1.323052586617265158e-01 -2.028074676236705370e-02 -1.202466954742698324e-01 -1.382093663008824025e-01 6.383147335467087569e-02 3.585975797368647078e-02 -2.422438817548932810e-01 3.605372239172591805e-03
-4.532867524731439834e-01 -4.511326270551752060e-01 -4.486892903542383793e-01 -4.417070227199894616e-01 -4.115309880264139686e-01 -4.059049938018613468e-01 -4.004796501485197724e-01 -4.009359267139553373e-01 3.513719854355965011e-02 2.837717475161887284e-02 2.748471133208200273e-02 1.475990970196486979e-02 5.531985278920683972e-03 1.405721601179890992e-02 2.239398438309074882e-02 1.835242152214050293e+00 -4.023814830996826908e-01 1.220574620122327092e+00 9.617545510427496502e-01 1.057893037327951147e+00 5.707070611666723581e-01 5.447686065277578260e-01 4.525727942382423152e-01 -4.500020056723302297e-01 -4.476333677649676490e-01 -4.481613985080908913e-01 -4.502895779709840673e-01 -4.064313300018800867e-01 -4.598271610480432203e-01 -2.850517254681689152e-04 -3.655500591784455102e-03 1.240981714518711934e-02 1.070765206913158046e-02 7.331394732037732273e-03 -1.858486026366979686e-03 -4.395420407671513444e-03 -4.488042692707886472e-01 -4.660097710133345728e-01 4.388592180255828090e-01 -6.305667043142289263e-03 -1.479640618451007585e-03 1.859962596711186300e-01 -1.011616468003248143e-01 -1.035644811431243317e-01 1.238907826411226598e-01 -1.469994961373306645e-02 -1.464898657710737850e-02 1.051767013990592359e+00 -4.004871783646070105e-01 -3.761533449280825003e-01 -8.157511754017678085e-02 4.708511917804992231e-01 -4.939941781054808106e-02 -7.430134682285946535e-02 5.119133047301864803e-01 -2.396016411122158657e-02 -2.125360409872752709e-01 -2.569199584509142542e-01 2.803086535260497225e-01 -2.647282950140652721e-02 -2.021810075386611463e-02 9.495536184551189862e-01 1.010436829877650711e+00 -1.830088912954487557e-01 -3.001748657366273276e-01 -1.948593451440950586e-01 -1.013030091974243818e-01 8.044509341432767857e-02 6.769296901286252499e-01 1.020518750202789482e+00 5.305782803354328614e-01 -5.537216833513417674e-02 -2.948653899404810041e-01 -2.067794558260947768e-01 -1.595870519294679060e-02 -1.659933624191008497e-02 7.253755663107496199e-01 -3.560671754666605016e-01 -7.901743043150511944e-03 1.657158150096738891e-01 -9.246736976686198428e-02 -3.650158353664146871e-01 -2.162896900886229490e-01 -3.402673111190029215e-02 -1.952271721153542583e-01 -2.666936663867985335e-01 6.608168075563510824e-01 3.224467457883103405e-01 -3.800764066707884026e-01 3.286246888152154905e-02
3.416178341939019591e-01 2.920855058672304772e-01 2.882205863985858874e-01 2.811458411578629524e-01 7.909865529948632012e-01 7.896811436576973708e-01 7.937076003091735332e-01 8.143624695482269971e-01 -2.971664961382196046e-01 -2.975839371092272589e-01 -3.065491257490991495e-01 -2.955996826926367560e-01 -2.819111634944079237e-01 -2.883604556531957908e-01 -2.969963473428897660e-01 -4.023814830996826908e-01 1.359317421913146973e+00 -4.132653667835771705e-01 -4.709784214103132083e-01 -4.429263992703575403e-01 -5.710583038390235622e-01 -5.791654980801104191e-01 -5.896336631154969199e-01 2.920561986053410441e-01 3.002636209041504300e-01 2.865827688189845901e-01 3.028367707186507274e-01 7.478373185283232472e-01 4.009387046534709231e-01 -2.806106711101846174e-01 -2.733635269431242687e-01 -2.932717971579678617e-01 -2.952782750906830511e-01 -2.872925323652177343e-01 -2.672847563569256679e-01 -2.694232697548168409e-01 2.813690763773357695e-01 3.588288918154790563e-01 -5.937082336793830795e-01 -2.540290401352256477e-01 -2.813771879607212534e-01 -8.263433893262230046e-02 1.324695182252833281e-01 1.435424823623064339e-01 -5.869122963381423475e-02 1.341249791932330217e-02 2.058356474032487990e-02 -4.378131849009875842e-01 5.708091782232654898e-01 5.417767656694678635e-01 1.159798845510560811e-01 -2.123106250852827559e-01 6.598080682697525512e-02 1.005190955006713682e-01 -2.314002920836724375e-01 3.069199876192791818e-02 2.946546554488283509e-01 3.466554052702623956e-01 -1.315562706095332601e-01 3.602805249438967294e-02 2.650761972141489273e-02 -3.938505141854925506e-01 -4.273792440804331516e-01 2.579536575240602980e-01 4.240724682192607564e-01 2.683360675666005557e-01 1.272351301342433683e-01 -3.748132807954596135e-02 -3.065779607612709734e-01 -4.433941765053876494e-01 -2.345052089699444786e-01 5.334203624744374150e-02 4.159684686086167482e-01 2.848571683506906371e-01 2.519871886152038123e-02 2.244741804967311308e-02 -3.157488002634820101e-01 5.127085732547095320e-01 1.136943365508169546e-02 -7.353608004510485407e-02 1.233156658232101577e-01 5.139486454544687222e-01 2.952028262534396319e-01 4.518694685668365324e-02 2.665933827702857140e-01 2.312433246113440310e-01 -3.043510533279937813e-01 -1.568920790499357953e-01 5.455935990050976292e-01 -1.587847309109997190e-02
